publication_date,report_date,country,confirmed_cases,probable_cases,total_cases,confirmed_deaths,total_deaths,total_suspected_cases,new_deaths,new_cured,total_cured,new_suspected_cases,old_suspected_cases,confirmed_cases_change,probable_cases_change,total_cases_change,confirmed_deaths_change,total_deaths_change,total_suspected_cases_change,source
#date +event,#date +report,#adm0 +code,#affected +infected+confirmed,#affected +infected+probable,#affected +infected+total,#affected +killed+confirmed,#affected +killed+total,#affected +suspect+total,#affected +killed+new,#affected,#affected,#affected +infected+suspected+new,#affected +infected+suspected+old,#affected +infected+confirmed,#affected +infected+probable,#affected +infected+total,#affected +killed+confirmed,#affected +killed+total,#affected +suspect+total,#meta +source
2020-02-12,2020-02-11,COD,3309,123,3432,2130,2253,504,,,,,,1,0,1,0,0,-33,https://mailchi.mp/4e17dfb922eb/situation-pidmiologique-du-12-fvrier-2020?e=d0c10fcf41
2020-02-11,2020-02-10,COD,3308,123,3431,2130,2253,537,,,,,,0,0,0,0,0,96,https://mailchi.mp/1f53ab50b34d/situation-pidmiologique-du-11-fvrier-2020?e=d0c10fcf41
2020-02-10,2020-02-09,COD,3308,123,3431,2130,2253,441,,,,,,0,0,0,2,2,-35,https://mailchi.mp/8ba922b376c5/situation-pidmiologique-du-10-fvrier-2020?e=d0c10fcf41
2020-02-09,2020-02-08,COD,3308,123,3431,2128,2251,476,,,,,,0,0,0,0,0,-62,https://mailchi.mp/d0aa972ac650/situation-pidmiologique-du-09-fvrier-2020?e=d0c10fcf41
2020-02-08,2020-02-07,COD,3308,123,3431,2128,2251,538,,,,,,1,0,1,0,0,74,https://mailchi.mp/34759667f7e9/situation-pidmiologique-du-08-fvrier-2020?e=d0c10fcf41
2020-02-07,2020-02-06,COD,3307,123,3430,2128,2251,464,,,,,,0,0,0,0,0,5,https://mailchi.mp/57619f2ea77b/situation-pidmiologique-du-07-fvrier-2020?e=d0c10fcf41
2020-02-06,2020-02-05,COD,3307,123,3430,2128,2251,459,,,,,,1,0,1,0,0,-65,https://mailchi.mp/a9eb390e98f3/situation-pidmiologique-du-06-fvrier-2020?e=d0c10fcf41
2020-02-05,2020-02-04,COD,3306,123,3429,2128,2251,524,,,,,,1,0,1,1,1,51,https://mailchi.mp/c5928a761cbb/situation-pidmiologique-du-05-fvrier-2020?e=d0c10fcf41
2020-02-04,2020-02-03,COD,3305,123,3428,2127,2250,473,,,,,,0,0,0,0,0,22,https://mailchi.mp/f7721620d347/situation-pidmiologique-du-04-fvrier-2020?e=d0c10fcf41
2020-02-03,2020-02-02,COD,3305,123,3428,2127,2250,451,,,,,,0,0,0,0,0,4,https://mailchi.mp/183d907104e1/situation-pidmiologique-du-03-fvrier-2020?e=d0c10fcf41
2020-02-02,2020-02-01,COD,3305,123,3428,2127,2250,447,,,,,,1,0,1,0,0,44,https://mailchi.mp/93ad2c2852d5/situation-pidmiologique-du-02-fvrier-2020?e=d0c10fcf41
2020-02-01,2020-01-31,COD,3304,123,3427,2127,2250,403,,,,,,0,0,0,1,1,-97,https://mailchi.mp/fd82b7131c20/situation-pidmiologique-du-01-fvrier-2020?e=d0c10fcf41
2020-01-31,2020-01-30,COD,3304,123,3427,2126,2249,500,,,,,,0,4,4,1,5,-42,https://mailchi.mp/d67dcfa9cbea/situation-pidmiologique-du-31-janvier-2020?e=d0c10fcf41
2020-01-30,2020-01-29,COD,3304,119,3423,2125,2244,542,,,,,,2,0,2,2,2,41,https://mailchi.mp/5151d8cef70a/situation-pidmiologique-du-30-janvier-2020?e=d0c10fcf41
2020-01-29,2020-01-28,COD,3302,119,3421,2123,2242,501,,,,,,1,0,1,2,2,-99,https://mailchi.mp/910d5414e402/situation-pidmiologique-du-29-janvier-2020?e=d0c10fcf41
2020-01-28,2020-01-27,COD,3301,119,3420,2121,2240,600,,,,,,2,0,2,0,0,157,https://mailchi.mp/d901a0b9985b/situation-pidmiologique-du-28-janvier-2020?e=d0c10fcf41
2020-01-27,2020-01-26,COD,3299,119,3418,2121,2240,443,,,,,,1,0,1,0,0,-51,https://mailchi.mp/75cd9bf6d376/situation-pidmiologique-du-27-janvier-2020?e=d0c10fcf41
2020-01-26,2020-01-25,COD,3298,119,3417,2121,2240,494,,,,,,1,0,1,0,0,-91,https://mailchi.mp/51a06cae1a1e/situation-pidmiologique-du-26-janvier-2020?e=d0c10fcf41
2020-01-25,2020-01-24,COD,3297,119,3416,2121,2240,585,,,,,,0,0,0,0,0,38,https://mailchi.mp/68ccf34223be/situation-pidmiologique-du-25-janvier-2020?e=d0c10fcf41
2020-01-24,2020-01-23,COD,3297,119,3416,2121,2240,547,,,,,,0,0,0,2,2,45,https://mailchi.mp/d94235c459d3/situation-pidmiologique-du-24-janvier-2020?e=d0c10fcf41
2020-01-23,2020-01-22,COD,3297,119,3416,2119,2238,502,,,,,,0,0,0,0,0,-34,https://mailchi.mp/40c492f06498/situation-pidmiologique-du-23-janvier-2020?e=d0c10fcf41
2020-01-22,2020-01-21,COD,3297,119,3416,2119,2238,536,,,,,,0,0,0,1,1,3,https://mailchi.mp/cfd2f0072665/situation-pidmiologique-du-22-janvier-2020?e=d0c10fcf41
2020-01-21,2020-01-20,COD,3297,119,3416,2118,2237,533,,,,,,2,0,2,0,0,139,https://mailchi.mp/b81af32438d0/situation-pidmiologique-du-21-janvier-2020?e=d0c10fcf41
2020-01-20,2020-01-19,COD,3295,119,3414,2118,2237,394,,,,,,2,0,2,0,0,-44,https://mailchi.mp/131d62c99bf6/situation-pidmiologique-du-20-janvier-2020?e=d0c10fcf41
2020-01-19,2020-01-18,COD,3293,119,3412,2118,2237,438,,,,,,1,0,1,0,0,-51,https://mailchi.mp/7ba793da0763/situation-pidmiologique-du-19-janvier-2020?e=66a89c0f39
2020-01-18,2020-01-17,COD,3292,119,3411,2118,2237,489,,,,,,0,0,0,0,0,-27,https://mailchi.mp/4ca970409588/situation-pidmiologique-du-18-janvier-2020?e=66a89c0f39
2020-01-17,2020-01-16,COD,3292,119,3411,2118,2237,516,,,,,,1,1,2,0,1,0,https://mailchi.mp/2a141d504214/situation-pidmiologique-du-17-janvier-2020?e=66a89c0f39
2020-01-16,2020-01-15,COD,3291,118,3409,2118,2236,516,,,,,,3,0,3,0,0,39,https://mailchi.mp/1e3193ca85b8/situation-pidmiologique-du-16-janvier-2020?e=66a89c0f39
2020-01-15,2020-01-14,COD,3288,118,3406,2118,2236,477,,,,,,3,0,3,0,0,-25,https://mailchi.mp/1e3193ca85b8/situation-pidmiologique-du-16-janvier-2020?e=66a89c0f39
2020-01-14,2020-01-13,COD,3285,118,3403,2118,2236,502,,,,,,5,0,5,1,1,92,https://mailchi.mp/103c9dd0693f/situation-pidmiologique-du-14-janvier-2020?e=66a89c0f39
2020-01-13,2020-01-12,COD,3280,118,3398,2117,2235,410,,,,,,3,0,3,0,0,-50,https://mailchi.mp/72e002373a2f/situation-pidmiologique-du-13-janvier-2020?e=66a89c0f39
2020-01-12,2020-01-11,COD,3277,118,3395,2117,2235,460,,,,,,2,0,2,0,0,-42,https://mailchi.mp/a46dba6a290d/situation-pidmiologique-du-12-janvier-2020?e=66a89c0f39
2020-01-11,2020-01-10,COD,3275,118,3393,2117,2235,502,,,,,,0,0,0,0,0,22,https://mailchi.mp/a4a561d849cd/situation-pidmiologique-du-11-janvier-2020?e=66a89c0f39
2020-01-10,2020-01-09,COD,3275,118,3393,2117,2235,480,,,,,,1,0,1,0,0,-40,https://mailchi.mp/9d2be7bd832f/situation-pidmiologique-du-10-janvier-2020?e=66a89c0f39
2020-01-09,2020-01-08,COD,3274,118,3392,2117,2235,520,,,,,,0,0,0,0,0,-1,https://mailchi.mp/7e8a4ac5372c/situation-pidmiologique-du-09-janvier-2020?e=66a89c0f39
2020-01-08,2020-01-07,COD,3274,118,3392,2117,2235,521,,,,,,1,0,1,1,1,-47,https://mailchi.mp/40aa4ca8c849/situation-pidmiologique-du-08-janvier-2020?e=66a89c0f39
2020-01-07,2020-01-06,COD,3273,118,3391,2116,2234,568,,,,,,1,0,1,1,1,195,https://mailchi.mp/0943bba94c63/situation-pidmiologique-du-07-janvier-2020?e=66a89c0f39
2020-01-06,2020-01-05,COD,3272,118,3390,2115,2233,373,,,,,,2,0,2,0,0,-91,https://mailchi.mp/e6d74f063f39/situation-pidmiologique-du-06-janvier-2020?e=66a89c0f39
2020-01-05,2020-01-04,COD,3270,118,3388,2115,2233,464,,,,,,2,0,2,0,0,-59,https://mailchi.mp/27ae624aef29/situation-pidmiologique-du-05-janvier-2020?e=66a89c0f39
2020-01-04,2020-01-03,COD,3268,118,3386,2115,2233,523,,,,,,1,0,1,1,1,134,https://mailchi.mp/3d3f3d98a5c9/situation-pidmiologique-du-04-janvier-2020?e=66a89c0f39
2020-01-03,2020-01-02,COD,3267,118,3385,2114,2232,389,,,,,,3,0,3,0,0,97,https://mailchi.mp/0e77c439bc89/situation-pidmiologique-du-03-janvier-2020?e=66a89c0f39
2020-01-02,2020-01-01,COD,3264,118,3382,2114,2232,292,,,,,,2,0,2,0,0,-118,https://mailchi.mp/9b711495b082/situation-pidmiologique-du-02-janvier-2020?e=d0c10fcf41
2020-01-01,2019-12-31,COD,3262,118,3380,2114,2232,410,,,,,,3,0,3,0,0,-52,https://mailchi.mp/db7f7c10e954/situation-pidmiologique-du-01-janvier-2020?e=d0c10fcf41
2019-12-31,2019-12-30,COD,3259,118,3377,2114,2232,462,,,,,,1,0,1,0,0,19,https://mailchi.mp/65267b752f1f/situation-pidmiologique-du-31-dcembre-2019?e=d0c10fcf41
2019-12-30,2019-12-29,COD,3258,118,3376,2114,2232,443,,,,,,2,0,2,0,0,-4,https://mailchi.mp/9c1b1db7d5f5/situation-pidmiologique-du-30-dcembre-2019?e=d0c10fcf41
2019-12-29,2019-12-28,COD,3256,118,3374,2114,2232,447,,,,,,1,0,1,1,1,106,https://mailchi.mp/19d2c8ec369c/situation-pidmiologique-du-29-dcembre-2019?e=d0c10fcf41
2019-12-28,2019-12-27,COD,3255,118,3373,2113,2231,341,,,,,,1,0,1,1,1,-111,https://mailchi.mp/c6f66cf47793/situation-pidmiologique-du-28-dcembre-2019?e=d0c10fcf41
2019-12-27,2019-12-26,COD,3254,118,3372,2112,2230,452,,,,,,1,0,1,2,2,123,https://mailchi.mp/6fa70b33ccd5/situation-pidmiologique-du-27-dcembre-2019?e=d0c10fcf41
2019-12-26,2019-12-25,COD,3253,118,3371,2110,2228,329,,,,,,5,0,5,1,1,-63,https://mailchi.mp/953d0b51ace2/situation-pidmiologique-du-26-dcembre-2019?e=d0c10fcf41
2019-12-25,2019-12-24,COD,3248,118,3366,2109,2227,392,,,,,,3,0,3,0,0,-14,https://mailchi.mp/a5869443e07a/situation-pidmiologique-du-25-dcembre-2019?e=d0c10fcf41
2019-12-24,2019-12-23,COD,3245,118,3363,2109,2227,406,,,,,,1,0,1,1,1,21,https://mailchi.mp/833bb29a2d89/situation-pidmiologique-du-24-dcembre-2019?e=d0c10fcf41
2019-12-23,2019-12-22,COD,3244,118,3362,2108,2226,385,,,,,,4,0,4,2,2,-61,https://mailchi.mp/b41b8d2e9715/situation-pidmiologique-du-23-dcembre-2019?e=d0c10fcf41
2019-12-22,2019-12-21,COD,3240,118,3358,2106,2224,446,,,,,,1,0,1,1,1,-21,https://mailchi.mp/cab7ec379631/situation-pidmiologique-du-22-dcembre-2019?e=d0c10fcf41
2019-12-21,2019-12-20,COD,3239,118,3357,2105,2223,467,,,,,,1,0,1,2,2,-6,https://mailchi.mp/ac54eeb39277/situation-pidmiologique-du-21-dcembre-2019?e=d0c10fcf41
2019-12-20,2019-12-19,COD,3238,118,3356,2103,2221,473,,,,,,2,0,2,1,1,-15,https://mailchi.mp/84152cdc9909/situation-pidmiologique-du-20-dcembre-2019?e=d0c10fcf41
2019-12-19,2019-12-18,COD,3236,118,3354,2102,2220,488,,,,,,3,0,3,3,3,36,https://mailchi.mp/b5d0b68d9025/situation-pidmiologique-du-19-dcembre-2019?e=d0c10fcf41
2019-12-18,2019-12-17,COD,3233,118,3351,2099,2217,452,,,,,,2,0,2,3,3,-67,https://mailchi.mp/c4f62fb7baff/situation-pidmiologique-du-18-dcembre-2019?e=d0c10fcf41
2019-12-17,2019-12-16,COD,3231,118,3349,2096,2214,519,,,,,,1,0,1,1,1,82,https://mailchi.mp/a62d772211a1/situation-pidmiologique-17-dcembre-2019?e=d0c10fcf41
2019-12-16,2019-12-15,COD,3230,118,3348,2095,2213,437,,,,,,2,0,2,0,0,-54,https://mailchi.mp/3093abe0ea31/situation-pidmiologique-du-16-dcembre-2019?e=d0c10fcf41
2019-12-15,2019-12-14,COD,3228,118,3346,2095,2213,491,,,,,,2,0,2,0,0,-5,https://mailchi.mp/d525f8630e59/situation-pidmiologique-du-15-dcembre-2019?e=d0c10fcf41
2019-12-14,2019-12-13,COD,3226,118,3344,2095,2213,496,,,,,,1,0,1,2,2,72,https://mailchi.mp/d9fc81f7b289/situation-pidmiologique-du-14-dcembre-2019?e=d0c10fcf41
2019-12-13,2019-12-12,COD,3225,118,3343,2093,2211,424,,,,,,0,0,0,1,1,-8,https://mailchi.mp/6d0a5823cea4/situation-pidmiologique-du-13-dcembre-2019?e=d0c10fcf41
2019-12-12,2019-12-11,COD,3225,118,3343,2092,2210,432,,,,,,3,0,3,0,0,-9,https://mailchi.mp/5b151243100d/situation-pidmiologique-du-12-dcembre-2019?e=d0c10fcf41
2019-12-11,2019-12-10,COD,3222,118,3340,2092,2210,441,,,,,,10,0,10,0,0,5,https://mailchi.mp/f89296c380c5/situation-pidmiologique-du-16-novembre-3810521?e=d0c10fcf41
2019-12-10,2019-12-09,COD,3212,118,3330,2092,2210,436,,,,,,6,0,6,1,1,85,https://mailchi.mp/13e8279b37fc/situation-pidmiologique-du-16-novembre-3809813?e=d0c10fcf41
2019-12-09,2019-12-08,COD,3206,118,3324,2091,2209,351,,,,,,4,0,4,0,0,-40,https://mailchi.mp/ab4ce0ae5a9e/situation-pidmiologique-du-16-novembre-3808809?e=d0c10fcf41
2019-12-08,2019-12-07,COD,3202,118,3320,2091,2209,391,,,,,,1,0,1,0,0,-48,https://mailchi.mp/cfd75ded9d07/situation-pidmiologique-du-16-novembre-3807641?e=d0c10fcf41
2019-12-07,2019-12-06,COD,3201,118,3319,2091,2209,439,,,,,,-1,0,-1,0,0,-13,https://mailchi.mp/87a461cdb3dc/situation-pidmiologique-du-16-novembre-3807093?e=d0c10fcf41
2019-12-06,2019-12-05,COD,3202,118,3320,2091,2209,452,,,,,,2,0,2,2,2,95,https://mailchi.mp/aefa0760dd1b/situation-pidmiologique-du-16-novembre-3771389?e=d0c10fcf41
2019-12-05,2019-12-04,COD,3200,118,3318,2089,2207,357,,,,,,5,0,5,0,0,31,https://mailchi.mp/fa65ee30438a/situation-pidmiologique-du-16-novembre-3770841?e=d0c10fcf41
2019-12-04,2019-12-03,COD,3195,118,3313,2089,2207,326,,,,,,0,0,0,1,1,-41,https://mailchi.mp/ee80a074eab7/situation-pidmiologique-du-16-novembre-3769245?e=d0c10fcf41
2019-12-03,2019-12-02,COD,3195,118,3313,2088,2206,367,,,,,,0,0,0,2,2,65,https://mailchi.mp/ebe346dc06cd/situation-pidmiologique-du-16-novembre-3767973?e=d0c10fcf41
2019-12-02,2019-12-01,COD,3195,118,3313,2086,2204,302,,,,,,0,0,0,1,1,-47,https://mailchi.mp/e43c9f68e487/situation-pidmiologique-du-16-novembre-3767245?e=d0c10fcf41
2019-12-01,2019-11-30,COD,3195,118,3313,2085,2203,349,,,,,,3,0,3,1,1,8,https://mailchi.mp/ef9e56a6a13d/situation-pidmiologique-du-16-novembre-3765725?e=d0c10fcf41
2019-11-30,2019-11-29,COD,3192,118,3310,2084,2202,341,,,,,,1,0,1,1,1,6,https://mailchi.mp/94a293d5551f/situation-pidmiologique-du-16-novembre-3765157?e=d0c10fcf41
2019-11-29,2019-11-28,COD,3191,118,3309,2083,2201,335,,,,,,0,0,0,0,0,-108,https://mailchi.mp/981bf6e80f57/situation-pidmiologique-du-16-novembre-3764445?e=d0c10fcf41
2019-11-28,2019-11-27,COD,3191,118,3309,2083,2201,443,,,,,,5,0,5,2,2,77,https://mailchi.mp/9f5777318ac2/situation-pidmiologique-du-16-novembre-3763317?e=d0c10fcf41
2019-11-27,2019-11-26,COD,3186,118,3304,2081,2199,366,,,,,,0,0,0,0,0,-26,https://mailchi.mp/79e31271bb58/situation-pidmiologique-du-16-novembre-3762505?e=d0c10fcf41
2019-11-26,2019-11-25,COD,3186,118,3304,2081,2199,392,,,,,,1,0,1,0,0,78,https://mailchi.mp/f132f2939a06/situation-pidmiologique-du-16-novembre-3761101?e=d0c10fcf41
2019-11-25,2019-11-24,COD,3185,118,3303,2081,2199,314,,,,,,2,0,2,1,1,-35,https://mailchi.mp/efbbc78e9cfd/situation-pidmiologique-du-16-novembre-3759593?e=d0c10fcf41
2019-11-24,2019-11-23,COD,3183,118,3301,2080,2198,349,,,,,,0,0,0,0,0,-67,https://mailchi.mp/ce2b079ef5a0/situation-pidmiologique-du-16-novembre-3758637?e=d0c10fcf41
2019-11-23,2019-11-22,COD,3183,118,3301,2080,2198,416,,,,,,2,0,2,0,0,-75,https://mailchi.mp/1be036d92816/situation-pidmiologique-du-16-novembre-3758109?e=d0c10fcf41
2019-11-22,2019-11-21,COD,3181,118,3299,2080,2198,491,,,,,,1,0,1,1,1,68,https://mailchi.mp/7651494dec02/situation-pidmiologique-du-16-novembre-3757685?e=d0c10fcf41
2019-11-21,2019-11-20,COD,3180,118,3298,2079,2197,423,,,,,,0,0,0,0,0,-114,https://mailchi.mp/4e05eea7942f/situation-pidmiologique-du-16-novembre-3756317?e=d0c10fcf41
2019-11-20,2019-11-19,COD,3180,118,3298,2079,2197,537,,,,,,2,0,2,0,0,-7,https://mailchi.mp/f503142687f9/situation-pidmiologique-du-16-novembre-3705877?e=d0c10fcf41
2019-11-19,2019-11-18,COD,3178,118,3296,2079,2197,544,,,,,,0,0,0,1,1,137,https://mailchi.mp/56c649870c95/situation-pidmiologique-du-16-novembre-3704949?e=d0c10fcf41
2019-11-18,2019-11-17,COD,3178,118,3296,2078,2196,407,,,,,,4,0,4,1,1,-15,https://mailchi.mp/dd19e46dfa62/situation-pidmiologique-du-16-novembre-3703681?e=d0c10fcf41
2019-11-17,2019-11-16,COD,3174,118,3292,2077,2195,422,,,,,,0,0,0,0,0,-95,https://mailchi.mp/a2875cba3912/situation-pidmiologique-du-16-novembre-3702717?e=d0c10fcf41
2019-11-16,2019-11-15,COD,3174,118,3292,2077,2195,517,,,,,,0,0,0,0,0,9,https://mailchi.mp/5660b3467491/situation-pidmiologique-du-16-novembre-2019?e=d0c10fcf41
2019-11-15,2019-11-14,COD,3174,118,3292,2077,2195,508,,,,,,0,0,0,2,2,-19,https://mailchi.mp/bc3de358f3bb/situation-pidmiologique-du-15-novembre-2019?e=d0c10fcf41
2019-11-14,2019-11-13,COD,3174,118,3292,2075,2193,527,,,,,,1,0,1,0,0,19,https://mailchi.mp/280fab19c2e4/situation-pidmiologique-du-02-novembre-3700725?e=d0c10fcf41
2019-11-13,2019-11-12,COD,3173,118,3291,2075,2193,508,,,,,,4,0,4,0,0,-37,https://mailchi.mp/06af61d910f7/situation-pidmiologique-du-02-novembre-3699397?e=d0c10fcf41
2019-11-12,2019-11-11,COD,3169,118,3287,2075,2193,545,,,,,,0,0,0,0,0,134,https://mailchi.mp/2e48cbb0e962/situation-pidmiologique-du-02-novembre-3698289?e=d0c10fcf41
2019-11-11,2019-11-10,COD,3169,118,3287,2075,2193,411,,,,,,0,0,0,0,0,-71,https://mailchi.mp/76d633584cd8/situation-pidmiologique-du-02-novembre-3697173?e=d0c10fcf41
2019-11-10,2019-11-09,COD,3169,118,3287,2075,2193,482,,,,,,1,0,1,1,1,-19,https://mailchi.mp/1ad10bd15c24/situation-pidmiologique-du-02-novembre-3696181?e=d0c10fcf41
2019-11-09,2019-11-08,COD,3168,118,3286,2074,2192,501,,,,,,0,0,0,0,0,-59,https://mailchi.mp/76a717052a80/situation-pidmiologique-du-02-novembre-3695921?e=d0c10fcf41
2019-11-08,2019-11-07,COD,3168,118,3286,2074,2192,560,,,,,,0,0,0,0,0,21,https://mailchi.mp/850810fb5ffb/situation-pidmiologique-du-02-novembre-3694789?e=d0c10fcf41
2019-11-07,2019-11-06,COD,3168,118,3286,2074,2192,539,,,,,,1,0,1,1,1,0,https://mailchi.mp/60dfcfd4ad6d/situation-pidmiologique-du-02-novembre-3694373?e=d0c10fcf41
2019-11-06,2019-11-05,COD,3167,118,3285,2073,2191,539,,,,,,3,0,3,3,3,-3,https://mailchi.mp/9eb587ccc530/situation-pidmiologique-du-02-novembre-3694553?e=d0c10fcf41
2019-11-05,2019-11-04,COD,3164,118,3282,2070,2188,542,,,,,,7,1,8,2,3,95,https://mailchi.mp/4a1019bf06d4/situation-pidmiologique-du-02-novembre-3691401?e=d0c10fcf41
2019-11-04,2019-11-03,COD,3157,117,3274,2068,2185,447,,,,,,0,0,0,0,0,-66,https://mailchi.mp/7d2f771b43ce/situation-pidmiologique-du-02-novembre-3690253?e=d0c10fcf41
2019-11-03,2019-11-02,COD,3157,117,3274,2068,2185,513,,,,,,0,0,0,0,0,31,https://mailchi.mp/c03bea2d7b6e/situation-pidmiologique-du-02-novembre-3688853?e=d0c10fcf41
2019-11-02,2019-11-01,COD,3157,117,3274,2068,2185,482,,,,,,1,0,1,1,1,48,https://mailchi.mp/63014c0980a8/situation-pidmiologique-du-02-novembre-2019?e=d0c10fcf41
2019-11-01,2019-10-31,COD,3156,117,3273,2067,2184,434,,,,,,1,0,1,1,1,-69,https://mailchi.mp/df7ce9f300a5/situation-pidmiologique-du-01-novembre-2019?e=d0c10fcf41
2019-10-31,2019-10-30,COD,3155,117,3272,2066,2183,503,,,,,,3,0,3,1,1,-29,https://mailchi.mp/314467f5cb76/situation-pidmiologique-du-31-octobre-2019?e=d0c10fcf41
2019-10-30,2019-10-29,COD,3152,117,3269,2065,2182,532,,,,,,1,0,1,0,0,57,https://mailchi.mp/5986cab50974/situation-pidmiologique-du-30-octobre-2019?e=d0c10fcf41
2019-10-29,2019-10-28,COD,3151,117,3268,2065,2182,475,,,,,,4,0,4,1,1,75,https://mailchi.mp/a23f49d8dfa7/situation-pidmiologique-du-15-octobre-3684589?e=d0c10fcf41
2019-10-28,2019-10-27,COD,3147,117,3264,2064,2181,400,,,,,,1,0,1,1,1,43,https://mailchi.mp/1e7dce7490b2/situation-pidmiologique-du-28-octobre-2019?e=d0c10fcf41
2019-10-27,2019-10-26,COD,3146,117,3263,2063,2180,357,,,,,,2,0,2,0,0,357,https://mailchi.mp/646bf9ffd97c/situation-pidmiologique-du-27-octobre-2019?e=d0c10fcf41
2019-10-26,2019-10-25,COD,3144,117,3261,2063,2180,0,,,,,,1,0,1,2,2,-539,https://mailchi.mp/02634d881a82/situation-pidmiologique-du-26-octobre-2019?e=d0c10fcf41
2019-10-25,2019-10-24,COD,3143,117,3260,2061,2178,539,,,,,,4,0,4,1,1,53,https://mailchi.mp/cac1bd6530b0/situation-pidmiologique-du-25-octobre-2019?e=d0c10fcf41
2019-10-24,2019-10-23,COD,3139,117,3256,2060,2177,486,,,,,,6,0,6,3,3,-50,https://mailchi.mp/aed3c98d523d/situation-pidmiologique-du-24-octobre-2019?e=d0c10fcf41
2019-10-23,2019-10-22,COD,3133,117,3250,2057,2174,536,,,,,,2,0,2,2,2,90,https://mailchi.mp/3cd94d686ace/situation-pidmiologique-du-23-octobre-2019?e=d0c10fcf41
2019-10-22,2019-10-21,COD,3131,117,3248,2055,2172,446,,,,,,4,1,5,0,1,20,https://mailchi.mp/05c1ba92a3f7/situation-pidmiologique-du-15-octobre-3677305?e=d0c10fcf41
2019-10-21,2019-10-20,COD,3127,116,3243,2055,2171,426,,,,,,4,0,4,2,2,6,https://mailchi.mp/ba3fe71b9a21/situation-pidmiologique-du-21-octobre-2019?e=d0c10fcf41
2019-10-20,2019-10-19,COD,3123,116,3239,2053,2169,420,,,,,,4,0,4,4,4,-58,https://mailchi.mp/ebc75ba4b82f/situation-pidmiologique-du-20-octobre-2019?e=d0c10fcf41
2019-10-19,2019-10-18,COD,3119,116,3235,2049,2165,478,,,,,,2,0,2,3,3,27,https://mailchi.mp/c4d85e9e5166/situation-pidmiologique-du-19-octobre-2019?e=d0c10fcf41
2019-10-18,2019-10-17,COD,3117,116,3233,2046,2162,451,,,,,,3,2,5,2,4,8,https://mailchi.mp/bc0a6d600ff0/situation-pidmiologique-du-18-octobre-2019?e=d0c10fcf41
2019-10-17,2019-10-16,COD,3114,114,3228,2044,2158,443,,,,,,1,0,1,4,4,-87,https://mailchi.mp/663dac943dbd/situation-pidmiologique-du-17-octobre-2019?e=d0c10fcf41
2019-10-16,2019-10-15,COD,3113,114,3227,2040,2154,530,,,,,,3,0,3,1,1,119,https://mailchi.mp/a93b055d1edd/situation-pidmiologique-du-16-octobre-2019?e=d0c10fcf41
2019-10-15,2019-10-14,COD,3110,114,3224,2039,2153,411,,,,,,4,0,4,3,3,28,https://mailchi.mp/f9cdad998b27/situation-pidmiologique-du-15-octobre-2019?e=d0c10fcf41
2019-10-14,2019-10-13,COD,3106,114,3220,2036,2150,383,,,,,,2,0,2,0,0,-46,https://mailchi.mp/0e7b44383afe/situation-pidmiologique-du-14-octobre-2019?e=d0c10fcf41
2019-10-13,2019-10-12,COD,3104,114,3218,2036,2150,429,,,,,,6,0,6,2,2,-37,https://mailchi.mp/66a70aa44859/situation-pidmiologique-du-13-octobre-2019?e=d0c10fcf41
2019-10-12,2019-10-11,COD,3098,114,3212,2034,2148,466,,,,,,2,0,2,2,2,44,https://mailchi.mp/c63d523500c2/situation-pidmiologique-du-12-octobre-2019?e=d0c10fcf41
2019-10-11,2019-10-10,COD,3096,114,3210,2032,2146,422,,,,,,2,0,2,2,2,-50,https://mailchi.mp/c4868c0852e8/situation-pidmiologique-du-11-octobre-2019?e=d0c10fcf41
2019-10-10,2019-10-09,COD,3094,114,3208,2030,2144,472,,,,,,1,0,1,0,0,17,https://mailchi.mp/f5ab786bff5b/situation-pidmiologique-du-10-octobre-2019?e=d0c10fcf41
2019-10-09,2019-10-08,COD,3093,114,3207,2030,2144,455,,,,,,1,0,1,1,1,12,https://mailchi.mp/00081a1f9c76/situation-pidmiologique-ebola-du-09-octobre-2019?e=d0c10fcf41
2019-10-08,2019-10-07,COD,3092,114,3206,2029,2143,443,,,,,,1,0,1,1,1,80,https://mailchi.mp/9c29bca01e97/situation-pidmiologique-ebola-du-08-octobre-2019?e=d0c10fcf41
2019-10-07,2019-10-06,COD,3091,114,3205,2028,2142,363,,,,,,1,0,1,0,0,-51,https://mailchi.mp/fafdadd3e9cd/situation-pidmiologique-ebola-du-07-octobre-2019?e=d0c10fcf41
2019-10-06,2019-10-05,COD,3090,114,3204,2028,2142,414,,,,,,0,0,0,1,1,-51,https://mailchi.mp/b7bc8ac20ae1/situation-pidmiologique-du-06-octobre-2019?e=d0c10fcf41
2019-10-05,2019-10-04,COD,3090,114,3204,2027,2141,465,,,,,,3,0,3,2,2,14,https://mailchi.mp/857f04957bf5/situation-pidmiologique-ebola-du-05-octobre-2019?e=d0c10fcf41
2019-10-04,2019-10-03,COD,3087,114,3201,2025,2139,451,,,,,,3,0,3,2,2,24,https://mailchi.mp/f83c5b5e8ec5/situation-pidmiologique-ebola-du-04-septembre-2019?e=d0c10fcf41
2019-10-03,2019-10-02,COD,3084,114,3198,2023,2137,427,,,,,,1,0,1,1,1,-3,https://mailchi.mp/5a68ff5a105c/situation-pidmiologique-ebola-au-03-octobre-2019?e=d0c10fcf41
2019-10-02,2019-10-01,COD,3083,114,3197,2022,2136,430,,,,,,3,0,3,0,0,42,https://mailchi.mp/73140857a371/situation-pidmiologique-ebola-au-02-octobre-2019
2019-10-01,2019-09-30,COD,3080,114,3194,2022,2136,388,,,,,,3,0,3,3,3,42,https://mailchi.mp/73c3b615fbe7/situation-pidmiologique-du-01-octobre-2019
2019-09-30,2019-09-29,COD,3077,114,3191,2019,2133,346,,,,,,3,0,3,4,4,-80,https://mailchi.mp/d1577216e153/situation-pidmiologique-au-30-septembre-2019?e=d0c10fcf41
2019-09-29,2019-09-28,COD,3074,114,3188,2015,2129,426,,,,,,2,0,2,1,1,-20,https://mailchi.mp/6e3403418c53/situation-pidmiologique-au-29-septembre-2019
2019-09-28,2019-09-27,COD,3072,114,3186,2014,2128,446,,,,,,3,0,3,0,0,30,https://mailchi.mp/f6e49eaba2b0/situation-pidmiologique-au-28-septembre-2019?e=d0c10fcf41
2019-09-27,2019-09-26,COD,3069,114,3183,2014,2128,416,,,,,,3,2,5,0,2,-67,https://mailchi.mp/fdc41778ede7/situation-pidmiologique-au-27-septembre-2019?e=9281954762
2019-09-26,2019-09-25,COD,3066,112,3178,2014,2126,483,,,,,,3,0,3,4,4,-40,https://mailchi.mp/c3bf7debc92f/situation-pidmiologique-au-26-septembre-2019?e=d0c10fcf41
2019-09-25,2019-09-24,COD,3063,112,3175,2010,2122,523,,,,,,4,0,4,2,2,76,https://mailchi.mp/3f29661a2e67/situation-pidmiologique-au-25-septembre-2019
2019-09-24,2019-09-23,COD,3059,112,3171,2008,2120,447,,,,,,2,1,3,1,2,104,https://mailchi.mp/3dcebce216f1/situation-pidmiologique-au-24-septembre-2019?e=d0c10fcf41
2019-09-23,2019-09-22,COD,3057,111,3168,2007,2118,343,,,,,,4,0,4,3,3,,https://mailchi.mp/afc2b840ff0d/situation-pidmiologique-au-23-septembre-2019?e=d0c10fcf41
2019-09-22,2019-09-21,COD,3053,111,3164,2004,2115,,,,,,,4,0,4,1,1,,WHO RAPPORT DE SITUATION N°399
2019-09-21,2019-09-20,COD,3049,111,3160,2003,2114,,,,,,,3,0,3,3,3,,WHO RAPPORT DE SITUATION N°398
2019-09-20,2019-09-19,COD,3046,111,3157,2000,2111,,,,,,,7,0,7,3,3,,WHO RAPPORT DE SITUATION N°397
2019-09-19,2019-09-18,COD,3039,111,3150,1997,2108,,,,,,,5,0,5,5,5,,WHO RAPPORT DE SITUATION N°396
2019-09-18,2019-09-17,COD,3034,111,3145,1992,2103,,,,,,,15,0,15,5,5,,WHO RAPPORT DE SITUATION N°395
2019-09-17,2019-09-16,COD,3019,111,3130,1987,2098,,,,,,,1,0,1,2,2,,WHO RAPPORT DE SITUATION N°394
2019-09-16,2019-09-15,COD,3018,111,3129,1985,2096,,,,,,,4,0,4,1,1,,WHO RAPPORT DE SITUATION N°393
2019-09-15,2019-09-14,COD,3014,111,3125,1984,2095,,,,,,,9,0,9,5,5,,WHO RAPPORT DE SITUATION N°392
2019-09-14,2019-09-13,COD,3005,111,3116,1979,2090,,,,,,,3,0,3,5,5,,WHO RAPPORT DE SITUATION N°391
2019-09-13,2019-09-12,COD,3002,111,3113,1974,2085,,,,,,,14,0,14,8,8,,WHO RAPPORT DE SITUATION N°390
2019-09-12,2019-09-11,COD,2988,111,3099,1966,2077,,,,,,,8,0,8,3,3,,WHO RAPPORT DE SITUATION N°389
2019-09-11,2019-09-10,COD,2980,111,3091,1963,2074,,,,,,,7,0,7,3,3,,WHO RAPPORT DE SITUATION N°388
2019-09-10,2019-09-09,COD,2973,111,3084,1960,2071,,,,,,,3,0,3,1,1,,WHO RAPPORT DE SITUATION N°387
2019-09-09,2019-09-08,COD,2970,111,3081,1959,2070,,,,,,,2,0,2,6,6,,WHO RAPPORT DE SITUATION N°386
2019-09-08,2019-09-07,COD,2968,111,3079,1953,2064,,,,,,,6,0,6,5,5,,WHO RAPPORT DE SITUATION N°385
2019-09-07,2019-09-06,COD,2962,111,3073,1948,2059,,,,,,,4,0,4,2,2,,WHO RAPPORT DE SITUATION N°384
2019-09-06,2019-09-05,COD,2958,111,3069,1946,2057,,,,,,,13,2,15,3,5,,WHO RAPPORT DE SITUATION N°383
2019-09-05,2019-09-04,COD,2945,109,3054,1943,2052,,,,,,,5,0,5,2,2,,WHO RAPPORT DE SITUATION N°382
2019-09-04,2019-09-03,COD,2940,109,3049,1941,2050,,,,,,,6,0,6,5,5,,WHO RAPPORT DE SITUATION N°381
2019-09-03,2019-09-02,COD,2934,109,3043,1936,2045,,,,,,,3,4,7,6,10,,WHO RAPPORT DE SITUATION N°380
2019-09-02,2019-09-01,COD,2931,105,3036,1930,2035,,,,,,,5,0,5,4,4,,WHO RAPPORT DE SITUATION N°379
2019-09-01,2019-08-31,COD,2926,105,3031,1926,2031,,,,,,,8,0,8,7,7,,WHO RAPPORT DE SITUATION N°378
2019-08-31,2019-08-30,COD,2918,105,3023,1919,2024,,,,,,,6,0,6,9,9,,WHO RAPPORT DE SITUATION N°377
2019-08-30,2019-08-29,COD,2912,105,3017,1910,2015,,,,,,,13,0,13,9,9,,WHO RAPPORT DE SITUATION N°376
2019-08-29,2019-08-28,COD,2899,105,3004,1901,2006,,,,,,,7,0,7,8,8,,WHO RAPPORT DE SITUATION N°375
2019-08-28,2019-08-27,COD,2892,105,2997,1893,1998,,,,,,,14,0,14,4,4,,WHO RAPPORT DE SITUATION N°374
2019-08-27,2019-08-26,COD,2878,105,2983,1889,1994,,,,,,,7,0,7,4,4,,WHO RAPPORT DE SITUATION N°373
2019-08-26,2019-08-25,COD,2871,105,2976,1885,1990,,,,,,,8,0,8,4,4,,WHO RAPPORT DE SITUATION N°372
2019-08-25,2019-08-24,COD,2863,105,2968,1881,1986,,,,,,,18,0,18,12,12,,WHO RAPPORT DE SITUATION N°371
2019-08-24,2019-08-23,COD,2845,105,2950,1869,1974,,,,,,,8,0,8,3,3,,WHO RAPPORT DE SITUATION N°370
2019-08-23,2019-08-22,COD,2837,105,2942,1866,1971,,,,,,,8,0,8,6,6,,WHO RAPPORT DE SITUATION N°369
2019-08-22,2019-08-21,COD,2829,105,2934,1860,1965,,,,,,,7,0,7,4,4,,WHO RAPPORT DE SITUATION N°368
2019-08-21,2019-08-20,COD,2822,105,2927,1856,1961,,,,,,,18,0,18,8,8,,WHO RAPPORT DE SITUATION N°367
2019-08-20,2019-08-19,COD,2804,105,2909,1848,1953,,,,,,,10,11,21,4,15,,WHO RAPPORT DE SITUATION N°366
2019-08-19,2019-08-18,COD,2794,94,2888,1844,1938,,,,,,,11,0,11,4,4,,WHO RAPPORT DE SITUATION N°365
2019-08-18,2019-08-17,COD,2783,94,2877,1840,1934,,,,,,,9,0,9,8,8,,WHO RAPPORT DE SITUATION N°364
2019-08-17,2019-08-16,COD,2774,94,2868,1832,1926,,,,,,,7,0,7,5,5,,WHO RAPPORT DE SITUATION N°363
2019-08-16,2019-08-15,COD,2767,94,2861,1827,1921,,,,,,,9,0,9,8,8,,WHO RAPPORT DE SITUATION N°362
2019-08-15,2019-08-14,COD,2758,94,2852,1819,1913,,,,,,,10,0,10,8,8,,WHO RAPPORT DE SITUATION N°361
2019-08-14,2019-08-13,COD,2748,94,2842,1811,1905,,,,,,,5,0,5,7,7,,WHO RAPPORT DE SITUATION N°360
2019-08-13,2019-08-12,COD,2743,94,2837,1804,1898,,,,,,,6,0,6,6,6,,WHO RAPPORT DE SITUATION N°359
2019-08-12,2019-08-11,COD,2737,94,2831,1798,1892,,,,,,,15,0,15,4,4,,WHO RAPPORT DE SITUATION N°358
2019-08-11,2019-08-10,COD,2722,94,2816,1794,1888,,,,,,,15,0,15,9,9,,WHO RAPPORT DE SITUATION N°357
2019-08-10,2019-08-09,COD,2707,94,2801,1785,1879,,,,,,,8,0,8,6,6,,WHO RAPPORT DE SITUATION N°356
2019-08-09,2019-08-08,COD,2699,94,2793,1779,1873,,,,,,,6,0,6,5,5,,WHO RAPPORT DE SITUATION N°355
2019-08-08,2019-08-07,COD,2693,94,2787,1774,1868,,,,,,,6,0,6,2,2,,WHO RAPPORT DE SITUATION N°354
2019-08-07,2019-08-06,COD,2687,94,2781,1772,1866,,,,,,,,,,,,,WHO RAPPORT DE SITUATION N°353
2019-08-05,2019-08-04,COD,2669,94,2763,1755,1849,,,,,,,10,0,10,6,6,,WHO RAPPORT DE SITUATION N°351
2019-08-04,2019-08-03,COD,2659,94,2753,1749,1843,,,,,,,12,0,12,5,5,,WHO RAPPORT DE SITUATION N°350
2019-08-03,2019-08-02,COD,2647,94,2741,1744,1838,,,,,,,17,0,17,5,5,,WHO RAPPORT DE SITUATION N°349
2019-08-02,2019-08-01,COD,2630,94,2724,1739,1833,,,,,,,11,0,11,10,10,,WHO RAPPORT DE SITUATION N°348
2019-08-01,2019-07-31,COD,2619,94,2713,1729,1823,423,,,,,,12,0,12,10,10,130,https://mailchi.mp/sante.gouv.cd/ebola_kivu_1aout19?
2019-07-31,2019-07-30,COD,2607,94,2701,1719,1813,293,,,,,,14,0,14,10,10,,https://mailchi.mp/sante.gouv.cd/ebola_kivu_31juil19
2019-07-30,2019-07-29,COD,2593,94,2687,1709,1803,,,,,,,16,0,16,13,13,,https://www.who.int/emergencies/diseases/ebola/drc-2019/ebola-daily-case-numbers
2019-07-29,2019-07-28,COD,2577,94,2671,1696,1790,,,,,,,12,0,12,8,8,,https://www.who.int/emergencies/diseases/ebola/drc-2019/ebola-daily-case-numbers
2019-07-28,2019-07-27,COD,2565,94,2659,1688,1782,,,,,,,,,,,,,https://www.who.int/emergencies/diseases/ebola/drc-2019/ebola-daily-case-numbers
2019-07-25,2019-07-24,COD,2526,94,2620,1668,1762,,,,,,,8,0,8,6,6,,https://www.who.int/emergencies/diseases/ebola/drc-2019/ebola-daily-case-numbers
2019-07-24,2019-07-23,COD,2518,94,2612,1662,1756,,,,,,,15,0,15,10,10,,https://www.who.int/emergencies/diseases/ebola/drc-2019/ebola-daily-case-numbers
2019-07-23,2019-07-22,COD,2503,94,2597,1652,1746,,,,,,,5,0,5,3,3,,https://www.who.int/emergencies/diseases/ebola/drc-2019/ebola-daily-case-numbers
2019-07-22,2019-07-21,COD,2498,94,2592,1649,1743,272,,,,,,14,0,14,6,6,-89,https://mailchi.mp/sante.gouv.cd/ebola_kivu_22juil19
2019-07-21,2019-07-20,COD,2484,94,2578,1643,1737,361,,,,,,14,0,14,9,9,-31,https://mailchi.mp/sante.gouv.cd/ebola_kivu_21juil19
2019-07-20,2019-07-19,COD,2470,94,2564,1634,1728,392,,,,,,18,0,18,13,13,-86,https://mailchi.mp/sante.gouv.cd/ebola_kivu_20juil19
2019-07-19,2019-07-18,COD,2452,94,2546,1621,1715,478,,,,,,14,0,14,10,10,76,https://mailchi.mp/sante.gouv.cd/ebola_kivu_19juil19
2019-07-18,2019-07-17,COD,2438,94,2532,1611,1705,402,,,,,,10,0,10,7,7,28,https://mailchi.mp/sante.gouv.cd/ebola_kivu_18juil19
2019-07-17,2019-07-16,COD,2428,94,2522,1604,1698,374,,,,,,10,0,10,22,22,-49,https://mailchi.mp/sante.gouv.cd/ebola_kivu_17juil19
2019-07-16,2019-07-15,COD,2418,94,2512,1582,1676,423,,,,,,11,0,11,8,8,131,https://mailchi.mp/sante.gouv.cd/ebola_kivu_16juil19
2019-07-15,2019-07-14,COD,2407,94,2501,1574,1668,292,,,,,,12,0,12,3,3,-43,https://mailchi.mp/sante.gouv.cd/ebola_kivu_15juil19
2019-07-14,2019-07-13,COD,2395,94,2489,1571,1665,335,,,,,,12,0,12,10,10,-9,https://mailchi.mp/sante.gouv.cd/ebola_kivu_14juil19
2019-07-13,2019-07-12,COD,2383,94,2477,1561,1655,344,,,,,,15,0,15,7,7,-68,https://mailchi.mp/sante.gouv.cd/ebola_kivu_13juil19
2019-07-12,2019-07-11,COD,2368,94,2462,1554,1648,412,,,,,,11,0,11,1,1,48,https://mailchi.mp/sante.gouv.cd/ebola_kivu_12juil19
2019-07-11,2019-07-10,COD,2357,94,2451,1553,1647,364,,,,,,14,0,14,1,1,6,https://mailchi.mp/sante.gouv.cd/ebola_kivu_11juil19
2019-07-10,2019-07-09,COD,2343,94,2437,1552,1646,358,,,,,,9,0,9,5,5,36,https://mailchi.mp/sante.gouv.cd/ebola_kivu_10juil19
2019-07-09,2019-07-08,COD,2334,94,2428,1547,1641,322,,,,,,10,0,10,11,11,36,https://mailchi.mp/sante.gouv.cd/ebola_kivu_09juil19
2019-07-08,2019-07-07,COD,2324,94,2418,1536,1630,286,,,,,,10,0,10,5,5,-37,https://mailchi.mp/sante.gouv.cd/ebola_kivu_08juil19
2019-07-07,2019-07-06,COD,2314,94,2408,1531,1625,323,,,,,,10,0,10,7,7,-65,https://mailchi.mp/sante.gouv.cd/ebola_kivu_07juil19
2019-07-06,2019-07-05,COD,2304,94,2398,1524,1618,388,,,,,,9,0,9,5,5,-8,https://mailchi.mp/sante.gouv.cd/ebola_kivu_06juil19
2019-07-05,2019-07-04,COD,2295,94,2389,1519,1613,396,,,,,,7,0,7,7,7,-24,https://mailchi.mp/sante.gouv.cd/ebola_kivu_05juil19
2019-07-04,2019-07-03,COD,2288,94,2382,1512,1606,420,,,,,,13,0,13,8,8,6,https://mailchi.mp/sante.gouv.cd/ebola_kivu_04juil19
2019-07-03,2019-07-02,COD,2275,94,2369,1504,1598,414,,,,,,15,0,15,12,12,12,https://mailchi.mp/sante.gouv.cd/ebola_kivu_03juil19
2019-07-02,2019-07-01,COD,2260,94,2354,1492,1586,402,,,,,,16,0,16,15,15,42,https://mailchi.mp/sante.gouv.cd/ebola_kivu_02juil19
2019-07-01,2019-06-30,COD,2244,94,2338,1477,1571,360,,,,,,13,0,13,8,8,51,https://mailchi.mp/sante.gouv.cd/ebola_kivu_01juil19
2019-06-30,2019-06-29,COD,2231,94,2325,1469,1563,309,,,,,,13,0,13,4,4,-51,https://mailchi.mp/sante.gouv.cd/ebola_kivu_30juin19
2019-06-29,2019-06-28,COD,2218,94,2312,1465,1559,360,,,,,,15,0,15,6,6,-4,https://mailchi.mp/sante.gouv.cd/ebola_kivu_29juin19
2019-06-28,2019-06-27,COD,2203,94,2297,1459,1553,364,,,,,,13,0,13,13,13,36,https://mailchi.mp/sante.gouv.cd/ebola_kivu_28juin19
2019-06-27,2019-06-26,COD,2190,94,2284,1446,1540,328,,,,,,7,0,7,9,9,-1,https://mailchi.mp/sante.gouv.cd/ebola_kivu_27juin19
2019-06-26,2019-06-25,COD,2183,94,2277,1437,1531,329,,,,,,12,0,12,9,9,33,https://mailchi.mp/sante.gouv.cd/ebola_kivu_26juin19
2019-06-25,2019-06-24,COD,2171,94,2265,1428,1522,296,,,,,,18,0,18,12,12,27,https://mailchi.mp/sante.gouv.cd/ebola_kivu_25juin19
2019-06-24,2019-06-23,COD,2153,94,2247,1416,1510,269,,,,,,8,0,8,4,4,-7,https://mailchi.mp/sante.gouv.cd/ebola_kivu_24juin19
2019-06-23,2019-06-22,COD,2145,94,2239,1412,1506,276,,,,,,13,0,13,9,9,-67,https://mailchi.mp/sante.gouv.cd/ebola_kivu_23juin19
2019-06-22,2019-06-21,COD,2132,94,2226,1403,1497,343,,,,,,15,0,15,8,8,-57,https://mailchi.mp/sante.gouv.cd/ebola_kivu_22juin19
2019-06-21,2019-06-20,COD,2117,94,2211,1395,1489,400,,,,,,7,0,7,10,10,51,https://mailchi.mp/sante.gouv.cd/ebola_kivu_21juin19
2019-06-20,2019-06-19,COD,2110,94,2204,1385,1479,349,,,,,,14,0,14,9,9,24,https://mailchi.mp/sante.gouv.cd/ebola_kivu_20juin19
2019-06-19,2019-06-18,COD,2096,94,2190,1376,1470,325,,,,,,9,0,9,11,11,3,https://mailchi.mp/sante.gouv.cd/ebola_kivu_19juin19
2019-06-18,2019-06-17,COD,2087,94,2181,1365,1459,322,,,,,,13,0,13,10,10,25,https://mailchi.mp/sante.gouv.cd/ebola_kivu_18juin19
2019-06-17,2019-06-16,COD,2074,94,2168,1355,1449,297,,,,,,20,0,20,9,9,-22,https://mailchi.mp/sante.gouv.cd/ebola_kivu_17juin19
2019-06-16,2019-06-15,COD,2054,94,2148,1346,1440,319,,,,,,14,0,14,13,13,-44,https://mailchi.mp/sante.gouv.cd/ebola_kivu_16juin19
2019-06-15,2019-06-14,COD,2040,94,2134,1333,1427,363,,,,,,14,0,14,7,7,41,https://mailchi.mp/sante.gouv.cd/ebola_kivu_15juin19
2019-06-14,2019-06-13,COD,2026,94,2120,1326,1420,322,,,,,,12,0,12,9,9,-13,https://mailchi.mp/sante.gouv.cd/ebola_kivu_14juin19
2019-06-13,2019-06-12,COD,2014,94,2108,1317,1411,335,,,,,,24,0,24,6,6,-4,https://mailchi.mp/sante.gouv.cd/ebola_kivu_13juin19
2019-06-12,2019-06-11,COD,1990,94,2084,1311,1405,339,,,,,,13,0,13,9,9,55,https://mailchi.mp/sante.gouv.cd/ebola_kivu_12juin19
2019-06-11,2019-06-10,COD,1977,94,2071,1302,1396,284,,,,,,9,0,9,6,6,4,https://mailchi.mp/sante.gouv.cd/ebola_kivu_11juin19
2019-06-10,2019-06-09,COD,1968,94,2062,1296,1390,280,,,,,,6,0,6,6,6,9,https://mailchi.mp/sante.gouv.cd/ebola_kivu_10juin19
2019-06-09,2019-06-08,COD,1962,94,2056,1290,1384,271,,,,,,9,0,9,3,3,-2,https://mailchi.mp/sante.gouv.cd/ebola_kivu_09juin19
2019-06-08,2019-06-07,COD,1953,94,2047,1287,1381,273,,,,,,8,0,8,8,8,-10,https://mailchi.mp/sante.gouv.cd/ebola_kivu_08juin19
2019-06-07,2019-06-06,COD,1945,94,2039,1279,1373,283,,,,,,8,0,8,6,6,-10,https://mailchi.mp/sante.gouv.cd/ebola_kivu_07juin19
2019-06-06,2019-06-05,COD,1937,94,2031,1273,1367,293,,,,,,6,0,6,10,10,-2,https://mailchi.mp/sante.gouv.cd/ebola_kivu_06juin19
2019-06-05,2019-06-04,COD,1931,94,2025,1263,1357,295,,,,,,5,0,5,3,3,-10,https://mailchi.mp/sante.gouv.cd/ebola_kivu_05juin19
2019-06-04,2019-06-03,COD,1926,94,2020,1260,1354,305,,,,,,12,0,12,8,8,24,https://mailchi.mp/sante.gouv.cd/ebola_kivu_04juin19
2019-06-03,2019-06-02,COD,1914,94,2008,1252,1346,281,,,,,,14,0,14,7,7,-44,https://mailchi.mp/sante.gouv.cd/ebola_kivu_03juin19
2019-06-02,2019-06-01,COD,1900,94,1994,1245,1339,325,,,,,,20,0,20,16,16,-3,https://mailchi.mp/sante.gouv.cd/ebola_kivu_02juin19
2019-06-01,2019-05-31,COD,1880,94,1974,1229,1323,328,,,,,,0,0,0,0,0,0,https://mailchi.mp/sante.gouv.cd/ebola_kivu_01juin19
2019-05-31,2019-05-30,COD,1880,94,1974,1229,1323,328,,,,,,20,0,20,11,11,-14,https://mailchi.mp/sante.gouv.cd/ebola_kivu_31mai19
2019-05-30,2019-05-29,COD,1860,94,1954,1218,1312,342,,,,,,9,0,9,10,10,45,https://mailchi.mp/sante.gouv.cd/ebola_kivu_30mai19
2019-05-29,2019-05-28,COD,1851,94,1945,1208,1302,297,,,,,,19,0,19,15,15,-86,https://mailchi.mp/sante.gouv.cd/ebola_kivu_29mai19
2019-05-28,2019-05-27,COD,1832,94,1926,1193,1287,383,,,,,,6,0,6,6,6,131,https://mailchi.mp/sante.gouv.cd/ebola_kivu_28mai19
2019-05-27,2019-05-26,COD,1826,94,1920,1187,1281,252,,,,,,8,0,8,4,4,-25,https://mailchi.mp/sante.gouv.cd/ebola_kivu_27mai19
2019-05-26,2019-05-25,COD,1818,94,1912,1183,1277,277,,,,,,9,6,9,7,7,-10,https://mailchi.mp/sante.gouv.cd/ebola_kivu_26mai19
2019-05-25,2019-05-24,COD,1809,88,1903,1176,1270,287,,,,,,9,0,15,10,16,-56,https://mailchi.mp/sante.gouv.cd/ebola_kivu_25mai19
2019-05-24,2019-05-23,COD,1800,88,1888,1166,1254,343,,,,,,11,0,11,6,6,45,https://mailchi.mp/sante.gouv.cd/ebola_kivu_24mai19
2019-05-23,2019-05-22,COD,1789,88,1877,1160,1248,298,,,,,,11,0,11,7,7,-9,https://mailchi.mp/sante.gouv.cd/ebola_kivu_23mai19
2019-05-22,2019-05-21,COD,1778,88,1866,1153,1241,307,,,,,,19,0,19,18,18,15,https://mailchi.mp/sante.gouv.cd/ebola_kivu_22mai19
2019-05-21,2019-05-20,COD,1759,88,1847,1135,1223,292,,,,,,21,0,21,5,5,47,https://mailchi.mp/sante.gouv.cd/ebola_kivu_21mai19
2019-05-20,2019-05-19,COD,1738,88,1826,1130,1218,245,,,,,,10,0,10,9,9,-46,https://mailchi.mp/sante.gouv.cd/ebola_kivu_20mai19
2019-05-19,2019-05-18,COD,1728,88,1816,1121,1209,291,,,,,,15,0,15,11,11,6,https://mailchi.mp/sante.gouv.cd/ebola_kivu_19mai19
2019-05-18,2019-05-17,COD,1713,88,1801,1110,1198,285,,,,,,24,0,24,21,21,-48,https://mailchi.mp/sante.gouv.cd/ebola_kivu_18mai19
2019-05-17,2019-05-16,COD,1689,88,1777,1089,1177,333,,,,,,17,0,17,16,16,23,https://mailchi.mp/sante.gouv.cd/ebola_kivu_17mai19
2019-05-16,2019-05-15,COD,1672,88,1760,1073,1161,310,,,,,,21,0,21,14,14,-22,https://mailchi.mp/sante.gouv.cd/ebola_kivu_16mai19
2019-05-15,2019-05-14,COD,1651,88,1739,1059,1147,332,,,,,,19,0,19,11,11,39,https://mailchi.mp/sante.gouv.cd/ebola_kivu_15mai19
2019-05-14,2019-05-13,COD,1632,88,1720,1048,1136,293,,,,,,15,0,15,12,12,42,https://mailchi.mp/sante.gouv.cd/ebola_kivu_14mai19
2019-05-13,2019-05-12,COD,1617,88,1705,1036,1124,251,,,,,,25,0,25,7,7,-17,https://mailchi.mp/sante.gouv.cd/ebola_kivu_13mai19
2019-05-12,2019-05-11,COD,1592,88,1680,1029,1117,268,,,,,,18,0,18,5,5,-57,https://mailchi.mp/sante.gouv.cd/ebola_kivu_12mai19
2019-05-11,2019-05-10,COD,1574,88,1662,1024,1112,325,,,,,,13,0,13,7,7,15,https://mailchi.mp/sante.gouv.cd/ebola_kivu_11mai19
2019-05-10,2019-05-09,COD,1561,88,1649,1017,1105,310,,,,,,23,22,45,9,31,46,https://mailchi.mp/sante.gouv.cd/ebola_kivu_10mai19
2019-05-09,2019-05-08,COD,1538,66,1604,1008,1074,264,,,,,,4,0,4,5,5,-3,https://mailchi.mp/sante.gouv.cd/ebola_kivu_9mai19
2019-05-08,2019-05-07,COD,1534,66,1600,1003,1069,267,,,,,,15,0,15,14,14,16,https://mailchi.mp/sante.gouv.cd/ebola_kivu_8mai19
2019-05-07,2019-05-06,COD,1519,66,1585,989,1055,251,,,,,,13,0,13,10,10,58,https://mailchi.mp/sante.gouv.cd/ebola_kivu_7mai19
2019-05-06,2019-05-05,COD,1506,66,1572,979,1045,193,,,,,,18,0,18,16,16,-20,https://mailchi.mp/sante.gouv.cd/ebola_kivu_6mai19
2019-05-05,2019-05-04,COD,1488,66,1554,963,1029,213,,,,,,9,0,9,10,10,213,https://mailchi.mp/sante.gouv.cd/ebola_kivu_5mai19
2019-05-04,2019-05-03,COD,1479,66,1545,953,1019,0,,,,,,16,0,16,11,11,-270,https://mailchi.mp/sante.gouv.cd/ebola_kivu_4mai19
2019-05-03,2019-05-02,COD,1463,66,1529,942,1008,270,,,,,,19,0,19,14,14,-16,https://mailchi.mp/sante.gouv.cd/ebola_kivu_3mai19
2019-05-02,2019-05-01,COD,1444,66,1510,928,994,286,,,,,,15,0,15,10,10,-20,https://mailchi.mp/sante.gouv.cd/ebola_kivu_2mai19
2019-05-01,2019-04-30,COD,1429,66,1495,918,984,306,,,,,,15,0,15,14,14,27,https://mailchi.mp/sante.gouv.cd/ebola_kivu_1mai19
2019-04-30,2019-04-29,COD,1414,66,1480,904,970,279,,,,,,14,0,14,13,13,40,https://mailchi.mp/sante.gouv.cd/ebola_kivu_30avr19
2019-04-29,2019-04-28,COD,1400,66,1466,891,957,239,,,,,,27,0,27,26,26,-24,https://mailchi.mp/sante.gouv.cd/ebola_kivu_29avr19
2019-04-28,2019-04-27,COD,1373,66,1439,865,931,263,,,,,,22,0,22,17,17,29,https://mailchi.mp/sante.gouv.cd/ebola_kivu_28avr19
2019-04-27,2019-04-26,COD,1351,66,1417,848,914,234,,,,,,21,0,21,14,14,-26,https://mailchi.mp/sante.gouv.cd/ebola_kivu_27avr19
2019-04-26,2019-04-25,COD,1330,66,1396,834,900,260,,,,,,23,0,23,10,10,2,https://mailchi.mp/sante.gouv.cd/ebola_kivu_26avr19
2019-04-25,2019-04-24,COD,1307,66,1373,824,890,258,,,,,,6,0,6,5,5,-8,https://mailchi.mp/sante.gouv.cd/ebola_kivu_25avr19
2019-04-24,2019-04-23,COD,1301,66,1367,819,885,266,,,,,,14,0,14,5,5,198,https://mailchi.mp/sante.gouv.cd/ebola_kivu_24avr19
2019-04-23,2019-04-22,COD,1287,66,1353,814,880,68,,,,,,13,0,13,6,6,-37,https://mailchi.mp/sante.gouv.cd/ebola_kivu_23avr19
2019-04-22,2019-04-21,COD,1274,66,1340,808,874,105,,,,,,4,0,4,4,4,-2,https://mailchi.mp/sante.gouv.cd/ebola_kivu_22avr19
2019-04-21,2019-04-20,COD,1270,66,1336,804,870,107,,,,,,9,0,9,11,11,-143,https://mailchi.mp/sante.gouv.cd/ebola_kivu_21avr19
2019-04-20,2019-04-19,COD,1261,66,1327,793,859,250,,,,,,10,0,10,4,4,-43,https://mailchi.mp/sante.gouv.cd/ebola_kivu_20avr19
2019-04-19,2019-04-18,COD,1251,66,1317,789,855,293,,,,,,15,0,15,12,12,-32,https://mailchi.mp/sante.gouv.cd/ebola_kivu_19avr19
2019-04-18,2019-04-17,COD,1236,66,1302,777,843,325,,,,,,12,0,12,10,10,74,https://mailchi.mp/sante.gouv.cd/ebola_kivu_18avr19
2019-04-17,2019-04-16,COD,1224,66,1290,767,833,251,,,,,,17,0,17,12,12,-52,https://mailchi.mp/sante.gouv.cd/ebola_kivu_17avr19
2019-04-16,2019-04-15,COD,1207,66,1273,755,821,303,,,,,,9,0,9,7,7,72,https://mailchi.mp/sante.gouv.cd/ebola_kivu_16avr19
2019-04-15,2019-04-14,COD,1198,66,1264,748,814,231,,,,,,13,0,13,11,11,-59,https://mailchi.mp/sante.gouv.cd/ebola_kivu_15avr19
2019-04-14,2019-04-13,COD,1185,66,1251,737,803,290,,,,,,11,0,11,11,11,21,https://mailchi.mp/sante.gouv.cd/ebola_kivu_14avr19
2019-04-13,2019-04-12,COD,1174,66,1240,726,792,269,,,,,,20,0,20,20,20,-18,https://mailchi.mp/sante.gouv.cd/ebola_kivu_13avr19
2019-04-12,2019-04-11,COD,1154,66,1220,706,772,287,,,,,,14,0,14,8,8,41,https://mailchi.mp/sante.gouv.cd/ebola_kivu_12avr19
2019-04-11,2019-04-10,COD,1140,66,1206,698,764,246,,,,,,20,0,20,13,13,-70,https://mailchi.mp/sante.gouv.cd/ebola_kivu_11avr19
2019-04-10,2019-04-09,COD,1120,66,1186,685,751,316,,,,,,18,0,18,10,10,42,https://mailchi.mp/sante.gouv.cd/ebola_kivu_10avr19
2019-04-09,2019-04-08,COD,1102,66,1168,675,741,274,,,,,,14,0,14,10,10,26,https://mailchi.mp/sante.gouv.cd/ebola_kivu_9avr19
2019-04-08,2019-04-07,COD,1088,66,1154,665,731,248,,,,,,8,0,8,10,10,-55,https://mailchi.mp/sante.gouv.cd/ebola_kivu_8avr19
2019-04-07,2019-04-06,COD,1080,66,1146,655,721,303,,,,,,16,0,16,7,7,19,https://mailchi.mp/sante.gouv.cd/ebola_kivu_7avr19
2019-04-06,2019-04-05,COD,1064,66,1130,648,714,284,,,,,,13,0,13,12,12,-11,https://mailchi.mp/sante.gouv.cd/ebola_kivu_6avr19
2019-04-05,2019-04-04,COD,1051,66,1117,636,702,295,,,,,,10,0,10,7,7,6,https://mailchi.mp/sante.gouv.cd/ebola_kivu_5avr19
2019-04-04,2019-04-03,COD,1041,66,1107,629,695,289,,,,,,7,0,7,5,5,20,https://mailchi.mp/sante.gouv.cd/ebola_kivu_4avr19
2019-04-03,2019-04-02,COD,1034,66,1100,624,690,269,,,,,,8,0,8,7,7,-22,https://mailchi.mp/sante.gouv.cd/ebola_kivu_3avr19
2019-04-02,2019-04-01,COD,1026,66,1092,617,683,291,,,,,,3,0,3,4,4,111,https://mailchi.mp/sante.gouv.cd/ebola_kivu_2avr19
2019-04-01,2019-03-31,COD,1023,66,1089,613,679,180,,,,,,7,0,7,3,3,-99,https://mailchi.mp/sante.gouv.cd/ebola_kivu_1avr19
2019-03-31,2019-03-30,COD,1016,66,1082,610,676,279,,,,,,13,0,13,11,11,-14,https://mailchi.mp/sante.gouv.cd/ebola_kivu_31mar19
2019-03-30,2019-03-29,COD,1003,66,1069,599,665,293,,,,,,10,0,10,5,5,68,https://mailchi.mp/sante.gouv.cd/ebola_kivu_30mar19
2019-03-29,2019-03-28,COD,993,66,1059,594,660,225,,,,,,15,0,15,8,8,7,https://mailchi.mp/sante.gouv.cd/ebola_kivu_29mar19
2019-03-28,2019-03-27,COD,978,66,1044,586,652,218,,,,,,14,1,15,9,10,-21,https://mailchi.mp/sante.gouv.cd/ebola_kivu_28mar19
2019-03-27,2019-03-26,COD,964,65,1029,577,642,239,,,,,,7,0,7,3,3,78,https://mailchi.mp/sante.gouv.cd/ebola_kivu_27mar19
2019-03-26,2019-03-25,COD,957,65,1022,574,639,161,,,,,,6,0,6,5,5,-65,https://mailchi.mp/sante.gouv.cd/ebola_kivu_26mar19
2019-03-25,2019-03-24,COD,951,65,1016,569,634,226,,,,,,7,0,7,5,5,-14,https://mailchi.mp/sante.gouv.cd/ebola_kivu_25mar19
2019-03-24,2019-03-23,COD,944,65,1009,564,629,240,,,,,,10,0,10,4,4,20,https://mailchi.mp/sante.gouv.cd/ebola_kivu_24mar19
2019-03-23,2019-03-22,COD,934,65,999,560,625,220,,,,,,6,0,6,4,4,-11,https://mailchi.mp/sante.gouv.cd/ebola_kivu_23mar19
2019-03-22,2019-03-21,COD,928,65,993,556,621,231,,,,,,2,0,2,7,7,1,https://mailchi.mp/sante.gouv.cd/ebola_kivu_22mar19
2019-03-21,2019-03-20,COD,926,65,991,549,614,230,,,,,,11,0,11,4,4,-6,https://mailchi.mp/sante.gouv.cd/ebola_kivu_21mar19
2019-03-20,2019-03-19,COD,915,65,980,545,610,236,,,,,,12,0,12,4,4,2,https://mailchi.mp/sante.gouv.cd/ebola_kivu_20mar19
2019-03-19,2019-03-18,COD,903,65,968,541,606,234,,,,,,8,0,8,3,3,62,https://mailchi.mp/sante.gouv.cd/ebola_kivu_19mar19
2019-03-18,2019-03-17,COD,895,65,960,538,603,172,,,,,,9,0,9,5,5,-59,https://mailchi.mp/sante.gouv.cd/ebola_kivu_18mar19
2019-03-17,2019-03-16,COD,886,65,951,533,598,231,,,,,,8,0,8,4,4,-6,https://mailchi.mp/sante.gouv.cd/ebola_kivu_17mar19
2019-03-16,2019-03-15,COD,878,65,943,529,594,237,,,,,,7,0,7,3,3,-3,https://mailchi.mp/sante.gouv.cd/ebola_kivu_16mar19
2019-03-15,2019-03-14,COD,871,65,936,526,591,240,,,,,,4,0,4,4,4,30,https://mailchi.mp/sante.gouv.cd/ebola_kivu_15mar19
2019-03-14,2019-03-13,COD,867,65,932,522,587,210,,,,,,5,0,5,3,3,17,https://mailchi.mp/sante.gouv.cd/ebola_kivu_14mar19
2019-03-13,2019-03-12,COD,862,65,927,519,584,193,,,,,,2,0,2,0,0,23,https://mailchi.mp/sante.gouv.cd/ebola_kivu_13mar19
2019-03-12,2019-03-11,COD,860,65,925,519,584,170,,,,,,2,0,2,2,2,20,https://mailchi.mp/sante.gouv.cd/ebola_kivu_12mar19
2019-03-11,2019-03-10,COD,858,65,923,517,582,150,,,,,,2,0,2,0,0,-41,https://mailchi.mp/sante.gouv.cd/ebola_kivu_11mar19
2019-03-10,2019-03-09,COD,856,65,921,517,582,191,,,,,,2,0,2,4,4,-60,https://mailchi.mp/sante.gouv.cd/ebola_kivu_10mar19
2019-03-09,2019-03-08,COD,854,65,919,513,578,251,,,,,,1,0,1,0,0,61,https://mailchi.mp/sante.gouv.cd/ebola_kivu_9mar19
2019-03-08,2019-03-07,COD,853,65,918,513,578,190,,,,,,5,0,5,4,4,9,https://mailchi.mp/sante.gouv.cd/ebola_kivu_8mar19
2019-03-07,2019-03-06,COD,848,65,913,509,574,181,,,,,,7,-1,6,6,5,-42,https://mailchi.mp/sante.gouv.cd/ebola_kivu_7mar19
2019-03-06,2019-03-05,COD,841,66,907,503,569,223,,,,,,6,1,7,3,4,25,https://mailchi.mp/sante.gouv.cd/ebola_kivu_6mar19
2019-03-05,2019-03-04,COD,835,65,900,500,565,198,,,,,,3,0,3,2,2,27,https://mailchi.mp/sante.gouv.cd/ebola_kivu_5mar19
2019-03-04,2019-03-03,COD,832,65,897,498,563,171,,,,,,3,0,3,2,2,-11,https://mailchi.mp/sante.gouv.cd/ebola_kivu_4mar19
2019-03-03,2019-03-02,COD,829,65,894,496,561,182,,,,,,4,0,4,2,2,10,https://mailchi.mp/sante.gouv.cd/ebola_kivu_3mar19
2019-03-02,2019-03-01,COD,825,65,890,494,559,172,,,,,,2,0,2,2,2,-2,https://mailchi.mp/sante.gouv.cd/ebola_kivu_2mar19
2019-03-01,2019-02-28,COD,823,65,888,492,557,174,,,,,,3,0,3,2,2,-53,https://mailchi.mp/sante.gouv.cd/ebola_kivu_1mar19
2019-02-28,2019-02-27,COD,820,65,885,490,555,227,,,,,,6,0,6,2,2,-2,https://mailchi.mp/sante.gouv.cd/ebola_kivu_28fev19
2019-02-27,2019-02-26,COD,814,65,879,488,553,229,,,,,,4,0,4,2,2,33,https://mailchi.mp/sante.gouv.cd/ebola_kivu_27fev19
2019-02-26,2019-02-25,COD,810,65,875,486,551,196,,,,,,3,0,3,3,3,20,https://mailchi.mp/sante.gouv.cd/ebola_kivu_26fev19
2019-02-25,2019-02-24,COD,807,65,872,483,548,176,,,,,,3,0,3,2,2,176,https://mailchi.mp/sante.gouv.cd/ebola_kivu_25fev19
2019-02-24,2019-02-23,COD,804,65,869,481,546,0,,,,,,5,0,5,6,6,-219,https://mailchi.mp/sante.gouv.cd/ebola_kivu_24fev19
2019-02-23,2019-02-22,COD,799,65,864,475,540,219,,,,,,5,0,5,4,4,40,https://mailchi.mp/sante.gouv.cd/ebola_kivu_23fev19
2019-02-22,2019-02-21,COD,794,65,859,471,536,179,,,,,,6,0,6,5,5,2,https://mailchi.mp/sante.gouv.cd/ebola_kivu_22fev19
2019-02-21,2019-02-20,COD,788,65,853,466,531,177,,,,,,5,0,5,2,2,-36,https://mailchi.mp/sante.gouv.cd/ebola_kivu_21fev19
2019-02-20,2019-02-19,COD,783,65,848,464,529,213,,,,,,4,0,4,1,1,17,https://mailchi.mp/sante.gouv.cd/ebola_kivu_20fev19
2019-02-19,2019-02-18,COD,779,65,844,463,528,196,,,,,,4,0,4,-9,-9,11,https://mailchi.mp/sante.gouv.cd/ebola_kivu_19fev19
2019-02-18,2019-02-17,COD,775,65,840,472,537,185,,,,,,2,0,2,3,3,50,https://mailchi.mp/sante.gouv.cd/ebola_kivu_18fev19
2019-02-17,2019-02-16,COD,773,65,838,469,534,135,,,,,,1,0,1,1,1,-20,https://mailchi.mp/sante.gouv.cd/ebola_kivu_17fev19
2019-02-16,2019-02-15,COD,772,65,837,468,533,155,,,,,,2,0,2,3,3,-66,https://mailchi.mp/sante.gouv.cd/ebola_kivu_16fev19
2019-02-15,2019-02-14,COD,770,65,835,465,530,221,,,,,,2,4,6,5,9,20,https://mailchi.mp/sante.gouv.cd/ebola_kivu_15fev19
2019-02-14,2019-02-13,COD,768,61,829,460,521,201,,,,,,6,0,6,4,4,24,https://mailchi.mp/sante.gouv.cd/ebola_kivu_14fev19
2019-02-13,2019-02-12,COD,762,61,823,456,517,177,,,,,,4,0,4,1,1,7,https://mailchi.mp/sante.gouv.cd/ebola_kivu_13fev19
2019-02-12,2019-02-11,COD,758,61,819,455,516,170,,,,,,3,0,3,3,3,-8,https://mailchi.mp/sante.gouv.cd/ebola_kivu_12fev19
2019-02-11,2019-02-10,COD,755,61,816,452,513,178,,,,,,5,0,5,3,3,30,https://mailchi.mp/sante.gouv.cd/ebola_kivu_11fev19
2019-02-10,2019-02-09,COD,750,61,811,449,510,148,,,,,,5,0,5,5,5,-42,https://mailchi.mp/sante.gouv.cd/ebola_kivu_10fev19
2019-02-09,2019-02-08,COD,745,61,806,444,505,190,,,,,,6,0,6,3,3,12,https://mailchi.mp/sante.gouv.cd/ebola_kivu_9fev19
2019-02-08,2019-02-07,COD,739,61,800,441,502,178,,,,,,2,7,9,3,10,-11,https://mailchi.mp/sante.gouv.cd/ebola_kivu_8fev19
2019-02-07,2019-02-06,COD,737,54,791,438,492,189,,,,,,2,0,2,4,4,-10,https://mailchi.mp/sante.gouv.cd/ebola_kivu_7fev19
2019-02-06,2019-02-05,COD,735,54,789,434,488,199,,,,,,1,0,1,2,2,8,https://mailchi.mp/sante.gouv.cd/ebola_kivu_6fev19
2019-02-05,2019-02-04,COD,734,54,788,432,486,191,,,,,,3,0,3,2,2,26,https://mailchi.mp/sante.gouv.cd/ebola_kivu_5fev19
2019-02-04,2019-02-03,COD,731,54,785,430,484,165,,,,,,11,0,11,3,3,2,https://mailchi.mp/sante.gouv.cd/ebola_kivu_4fev19
2019-02-03,2019-02-02,COD,720,54,774,427,481,163,,,,,,5,0,5,6,6,-14,https://mailchi.mp/sante.gouv.cd/ebola_kivu_3fev19
2019-02-02,2019-02-01,COD,715,54,769,421,475,177,,,,,,6,0,6,4,4,9,https://mailchi.mp/sante.gouv.cd/ebola_kivu_2fev19
2019-02-01,2019-01-31,COD,709,54,763,417,471,168,,,,,,4,0,4,3,3,-10,https://mailchi.mp/sante.gouv.cd/ebola_kivu_1fev19
2019-01-31,2019-01-30,COD,705,54,759,414,468,178,,,,,,7,0,7,3,3,-9,https://mailchi.mp/sante.gouv.cd/ebola_kivu_31jan19?e=[UNIQID]
2019-01-30,2019-01-29,COD,698,54,752,411,465,187,,,,,,9,0,9,4,4,13,https://mailchi.mp/sante.gouv.cd/ebola_kivu_30jan19
2019-01-29,2019-01-28,COD,689,54,743,407,461,174,,,,,,7,0,7,2,2,13,https://mailchi.mp/sante.gouv.cd/ebola_kivu_29jan19
2019-01-28,2019-01-27,COD,682,54,736,405,459,161,,,,,,3,0,3,0,0,-4,https://mailchi.mp/sante.gouv.cd/ebola_kivu_28jan19
2019-01-27,2019-01-26,COD,679,54,733,405,459,165,,,,,,4,5,9,3,8,-74,https://mailchi.mp/sante.gouv.cd/ebola_kivu_27jan19
2019-01-26,2019-01-25,COD,675,49,724,402,451,239,,,,,,3,0,3,5,5,35,https://mailchi.mp/sante.gouv.cd/ebola_kivu_26jan19
2019-01-25,2019-01-24,COD,672,49,721,397,446,204,,,,,,6,0,6,3,3,-32,https://mailchi.mp/sante.gouv.cd/ebola_kivu_25jan19
2019-01-24,2019-01-23,COD,666,49,715,394,443,236,,,,,,2,0,2,4,4,33,https://mailchi.mp/sante.gouv.cd/ebola_kivu_24jan19
2019-01-23,2019-01-22,COD,664,49,713,390,439,203,,,,,,14,0,14,6,6,-49,https://mailchi.mp/sante.gouv.cd/ebola_kivu_23jan19
2019-01-22,2019-01-21,COD,650,49,699,384,433,252,,,,,,10,0,10,11,11,111,https://mailchi.mp/sante.gouv.cd/ebola_kivu_22jan19
2019-01-21,2019-01-20,COD,640,49,689,373,422,141,,,,,,4,0,4,3,3,-50,https://mailchi.mp/sante.gouv.cd/ebola_kivu_21jan19
2019-01-20,2019-01-19,COD,636,49,685,370,419,191,,,,,,0,0,0,3,3,49,https://mailchi.mp/sante.gouv.cd/ebola_kivu_20jan19
2019-01-19,2019-01-18,COD,636,49,685,367,416,142,,,,,,5,0,5,2,2,-67,https://mailchi.mp/sante.gouv.cd/ebola_kivu_17jan19
2019-01-18,2019-01-17,COD,631,49,680,365,414,209,,,,,,12,0,12,4,4,73,https://mailchi.mp/sante.gouv.cd/ebola_kivu_17jan19
2019-01-17,2019-01-16,COD,619,49,668,361,410,136,,,,,,5,0,5,3,3,13,https://mailchi.mp/sante.gouv.cd/ebola_kivu_17jan19
2019-01-16,2019-01-15,COD,614,49,663,358,407,123,,,,,,5,0,5,5,5,-77,https://mailchi.mp/sante.gouv.cd/ebola_kivu_16jan19
2019-01-15,2019-01-14,COD,609,49,658,353,402,200,,,,,,9,0,9,6,6,79,https://mailchi.mp/sante.gouv.cd/ebola_kivu_15jan19
2019-01-14,2019-01-13,COD,600,49,649,347,396,121,,,,,,5,0,5,4,4,5,https://mailchi.mp/sante.gouv.cd/ebola_kivu_14jan19
2019-01-13,2019-01-12,COD,595,49,644,343,392,116,,,,,,9,1,10,5,6,-5,https://mailchi.mp/sante.gouv.cd/ebola_kivu_13jan19
2019-01-12,2019-01-11,COD,586,48,634,338,386,121,,,,,,2,0,2,0,0,63,https://mailchi.mp/sante.gouv.cd/ebola_kivu_12jan19
2019-01-11,2019-01-10,COD,584,48,632,338,386,58,,,,,,2,0,2,1,1,-64,https://mailchi.mp/sante.gouv.cd/ebola_kivu_11jan19
2019-01-10,2019-01-09,COD,582,48,630,337,385,122,,,,,,2,0,2,2,2,122,https://mailchi.mp/sante.gouv.cd/ebola_kivu_10jan19
2019-01-09,2019-01-08,COD,580,48,628,335,383,0,,,,,,1,0,1,1,1,-98,https://mailchi.mp/sante.gouv.cd/ebola_kivu_9jan19
2019-01-08,2019-01-07,COD,579,48,627,334,382,98,,,,,,2,0,2,5,5,-3,https://mailchi.mp/sante.gouv.cd/ebola_kivu_8jan19
2019-01-07,2019-01-06,COD,577,48,625,329,377,101,,,,,,2,0,2,3,3,-21,https://mailchi.mp/sante.gouv.cd/ebola_kivu_7jan19
2019-01-06,2019-01-05,COD,575,48,623,326,374,122,,,,,,9,0,9,0,0,-5,https://mailchi.mp/sante.gouv.cd/ebola_kivu_6jan19
2019-01-05,2019-01-04,COD,566,48,614,326,374,127,,,,,,1,0,1,3,3,5,https://mailchi.mp/sante.gouv.cd/ebola_kivu_5jan19
2019-01-04,2019-01-03,COD,565,48,613,323,371,122,,,,,,4,0,4,1,1,82,https://mailchi.mp/sante.gouv.cd/ebola_kivu_4jan19
2019-01-03,2019-01-02,COD,561,48,609,322,370,40,,,,,,1,0,1,2,2,11,https://mailchi.mp/sante.gouv.cd/ebola_kivu_3jan19
2019-01-02,2019-01-01,COD,560,48,608,320,368,29,,,,,,6,0,6,2,2,-25,https://mailchi.mp/sante.gouv.cd/ebola_kivu_2jan19
2019-01-01,2018-12-31,COD,554,48,602,318,366,54,,,,,,4,0,4,3,3,7,https://mailchi.mp/sante.gouv.cd/ebola_kivu_1jan19
2018-12-31,2018-12-30,COD,550,48,598,315,363,47,,,,,,2,0,2,2,2,39,https://mailchi.mp/sante.gouv.cd/ebola_kivu_31dec
2018-12-30,2018-12-29,COD,548,48,596,313,361,8,,,,,,3,0,3,1,1,-13,https://mailchi.mp/sante.gouv.cd/ebola_kivu_30dec
2018-12-29,2018-12-28,COD,545,48,593,312,360,21,,,,,,0,0,0,1,1,-45,https://mailchi.mp/sante.gouv.cd/ebola_kivu_29dec
2018-12-28,2018-12-27,COD,545,48,593,311,359,66,,,,,,2,0,2,2,2,54,https://mailchi.mp/sante.gouv.cd/ebola_kivu_28dec
2018-12-27,2018-12-26,COD,543,48,591,309,357,12,,,,,,6,0,6,1,1,-62,https://mailchi.mp/sante.gouv.cd/ebola_kivu_27dec
2018-12-26,2018-12-25,COD,537,48,585,308,356,74,,,,,,2,0,2,2,2,-48,https://mailchi.mp/sante.gouv.cd/ebola_kivu_26dec
2018-12-25,2018-12-24,COD,535,48,583,306,354,122,,,,,,4,0,4,2,2,-91,https://mailchi.mp/sante.gouv.cd/ebola_kivu_25dec
2018-12-24,2018-12-23,COD,531,48,579,304,352,213,,,,,,5,0,5,5,5,52,https://mailchi.mp/sante.gouv.cd/ebola_kivu_24dec
2018-12-23,2018-12-22,COD,526,48,574,299,347,161,,,,,,7,0,7,0,0,48,https://mailchi.mp/sante.gouv.cd/ebola_kivu_23dec
2018-12-22,2018-12-21,COD,519,48,567,299,347,113,,,,,,4,0,4,4,4,32,https://mailchi.mp/sante.gouv.cd/ebola_kivu_22dec
2018-12-21,2018-12-20,COD,515,48,563,295,343,81,,,,,,3,0,3,7,7,-6,https://mailchi.mp/sante.gouv.cd/ebola_kivu_21dec
2018-12-20,2018-12-19,COD,512,48,560,288,336,87,,,,,,11,0,11,10,10,5,https://mailchi.mp/sante.gouv.cd/ebola_kivu_20dec
2018-12-19,2018-12-18,COD,501,48,549,278,326,82,,,,,,7,0,7,7,7,-14,https://mailchi.mp/sante.gouv.cd/ebola_kivu_19dec
2018-12-18,2018-12-17,COD,494,48,542,271,319,96,,,,,,3,0,3,4,4,21,https://mailchi.mp/sante.gouv.cd/ebola_kivu_18dec
2018-12-17,2018-12-16,COD,491,48,539,267,315,75,,,,,,8,0,8,2,2,-11,https://mailchi.mp/sante.gouv.cd/ebola_kivu_17dec
2018-12-16,2018-12-15,COD,483,48,531,265,313,86,,,,,,2,0,2,2,2,-10,https://mailchi.mp/sante.gouv.cd/ebola_kivu_16dec
2018-12-15,2018-12-14,COD,481,48,529,263,311,96,,,,,,8,0,8,5,5,-1,https://mailchi.mp/sante.gouv.cd/ebola_kivu_15dec
2018-12-14,2018-12-13,COD,473,48,521,258,306,97,,,,,,6,0,6,3,3,1,https://mailchi.mp/sante.gouv.cd/ebola_kivu_14dec
2018-12-13,2018-12-12,COD,467,48,515,255,303,96,,,,,,10,0,10,5,5,-4,https://mailchi.mp/sante.gouv.cd/ebola_kivu_13dec
2018-12-12,2018-12-11,COD,457,48,505,250,298,100,9,,,,,5,0,5,9,9,20,https://mailchi.mp/sante.gouv.cd/ebola_kivu_12dec
2018-12-11,2018-12-10,COD,452,48,500,241,289,80,4,,,,,2,0,2,4,4,7,https://mailchi.mp/sante.gouv.cd/ebola_kivu_11dec
2018-12-10,2018-12-09,COD,450,48,498,237,285,73,2,,,,,4,0,4,2,2,4,https://mailchi.mp/sante.gouv.cd/ebola_kivu_10dec
2018-12-09,2018-12-08,COD,446,48,494,235,283,69,3,,,,,5,0,5,3,3,-20,https://mailchi.mp/sante.gouv.cd/ebola_kivu_9dec
2018-12-08,2018-12-07,COD,441,48,489,232,280,89,4,,,,,12,0,12,5,5,-5,https://mailchi.mp/sante.gouv.cd/ebola_kivu_8dec
2018-12-07,2018-12-06,COD,429,48,477,227,275,94,2,,,,,6,0,6,2,2,-12,https://mailchi.mp/sante.gouv.cd/ebola_kivu_7dec
2018-12-06,2018-12-05,COD,423,48,471,225,273,106,2,,,,,13,0,13,2,2,12,https://mailchi.mp/sante.gouv.cd/ebola_kivu_6dec
2018-12-05,2018-12-04,COD,410,48,458,223,271,94,3,,,,,5,0,5,3,3,23,https://mailchi.mp/sante.gouv.cd/ebola_kivu_5dec
2018-12-04,2018-12-03,COD,405,48,453,220,268,71,8,,,,,9,0,9,8,8,-1,https://mailchi.mp/sante.gouv.cd/ebola_kivu_4dec
2018-12-03,2018-12-02,COD,396,48,444,212,260,72,5,,,,,4,0,4,5,5,-25,https://mailchi.mp/sante.gouv.cd/ebola_kivu_3dec
2018-12-02,2018-12-01,COD,392,48,440,207,255,97,3,,,,,6,0,6,3,3,14,https://mailchi.mp/sante.gouv.cd/ebola_kivu_2dec
2018-12-01,2018-11-30,COD,386,48,434,204,252,83,4,,,,,6,0,6,4,4,17,https://mailchi.mp/sante.gouv.cd/ebola_kivu_1dec
2018-11-30,2018-11-29,COD,380,48,428,200,248,66,2,,,,,1,1,2,2,3,-21,https://mailchi.mp/sante.gouv.cd/ebola_kivu_30nov
2018-11-29,2018-11-28,COD,379,47,426,198,245,87,3,,,,,4,0,4,3,3,13,https://mailchi.mp/sante.gouv.cd/ebola_kivu_29nov
2018-11-28,2018-11-27,COD,375,47,422,195,242,74,1,,,,,1,0,1,1,1,0,https://mailchi.mp/sante.gouv.cd/ebola_kivu_28nov
2018-11-27,2018-11-26,COD,374,47,421,194,241,74,1,,,,,2,0,2,1,1,15,https://mailchi.mp/sante.gouv.cd/ebola_kivu_27nov
2018-11-26,2018-11-25,COD,372,47,419,193,240,59,4,,,,,7,0,7,4,4,-16,https://mailchi.mp/sante.gouv.cd/ebola_kivu_26nov
2018-11-25,2018-11-24,COD,365,47,412,189,236,75,5,,,,,9,0,9,5,5,19,https://mailchi.mp/sante.gouv.cd/ebola_kivu_25nov
2018-11-24,2018-11-23,COD,356,47,403,184,231,56,3,,,,,4,0,4,3,3,-35,https://mailchi.mp/sante.gouv.cd/ebola_kivu_24nov
2018-11-23,2018-11-22,COD,352,47,399,181,228,91,6,,,,,6,0,6,6,6,18,https://mailchi.mp/sante.gouv.cd/ebola_kivu_23nov
2018-11-22,2018-11-21,COD,346,47,393,175,222,73,3,,,,,7,0,7,3,3,25,https://mailchi.mp/sante.gouv.cd/ebola_kivu_22nov
2018-11-21,2018-11-20,COD,339,47,386,172,219,48,2,,,,,13,0,13,2,2,-23,https://mailchi.mp/sante.gouv.cd/ebola_kivu_21nov
2018-11-20,2018-11-19,COD,326,47,373,170,217,71,1,,,,,0,0,0,1,1,-1,https://mailchi.mp/sante.gouv.cd/ebola_kivu_20nov
2018-11-19,2018-11-18,COD,326,47,373,169,216,72,2,,,,,7,0,7,2,2,6,https://mailchi.mp/sante.gouv.cd/ebola_kivu_19nov
2018-11-18,2018-11-17,COD,319,47,366,167,214,66,1,,,,,8,0,8,1,1,9,https://mailchi.mp/sante.gouv.cd/ebola_kivu_18nov
2018-11-17,2018-11-16,COD,311,47,358,166,213,57,3,,,,,6,0,6,3,3,-33,https://mailchi.mp/sante.gouv.cd/ebola_kivu_17nov
2018-11-16,2018-11-15,COD,305,47,352,163,210,90,1,,,,,1,7,8,1,8,45,https://mailchi.mp/sante.gouv.cd/ebola_kivu_16nov
2018-11-15,2018-11-14,COD,304,40,344,162,202,45,1,,,,,1,2,3,-15,-13,-5,https://mailchi.mp/sante.gouv.cd/ebola_kivu_15nov
2018-11-14,2018-11-13,COD,303,38,341,177,215,50,3,,,,,2,0,2,6,,7,https://mailchi.mp/sante.gouv.cd/ebola_kivu_14nov
2018-11-13,2018-11-12,COD,301,38,339,171,,43,,,,,,6,0,6,0,,-6,https://mailchi.mp/sante.gouv.cd/ebola_kivu_13nov
2018-11-12,2018-11-11,COD,295,38,333,171,209,49,1,,,,,1,3,4,1,4,11,https://mailchi.mp/sante.gouv.cd/ebola_kivu_12nov
2018-11-11,2018-11-10,COD,294,35,329,170,205,38,4,,,,,3,0,3,4,4,-9,https://mailchi.mp/sante.gouv.cd/ebola_kivu_11nov
2018-11-10,2018-11-09,COD,291,35,326,166,201,47,3,1,98,,,7,0,7,3,3,-5,https://mailchi.mp/sante.gouv.cd/ebola_kivu_10nov
2018-11-09,2018-11-08,COD,284,35,319,163,198,52,7,6,97,,,7,0,7,7,7,12,https://mailchi.mp/sante.gouv.cd/ebola_kivu_9nov
2018-11-08,2018-11-07,COD,277,35,312,156,191,40,0,0,91,,,4,0,4,0,0,1,https://mailchi.mp/sante.gouv.cd/ebola_kivu_8nov
2018-11-07,2018-11-06,COD,273,35,308,156,191,39,2,3,91,,,3,0,3,2,2,-21,https://mailchi.mp/sante.gouv.cd/ebola_kivu_7nov
2018-11-06,2018-11-05,COD,270,35,305,154,189,60,3,0,88,,,5,0,5,3,3,19,https://mailchi.mp/sante.gouv.cd/ebola_kivu_6nov
2018-11-05,2018-11-04,COD,265,35,300,151,186,41,0,7,88,,,2,0,2,0,0,-5,https://mailchi.mp/sante.gouv.cd/ebola_kivu_5nov
2018-11-04,2018-11-03,COD,263,35,298,151,186,46,4,0,81,,,5,0,5,4,4,-4,https://mailchi.mp/sante.gouv.cd/ebola_kivu_4nov
2018-11-03,2018-11-02,COD,258,35,293,147,182,50,1,0,81,,,6,0,6,1,1,11,https://mailchi.mp/sante.gouv.cd/ebola_kivu_3nov
2018-11-02,2018-11-01,COD,252,35,287,146,181,39,1,0,81,39,0,2,0,2,1,1,-2,https://mailchi.mp/sante.gouv.cd/ebola_kivu_2nov
2018-11-01,2018-10-31,COD,250,35,285,145,180,41,1,0,81,41,0,6,0,6,1,1,-10,https://mailchi.mp/sante.gouv.cd/ebola_kivu_1nov
2018-10-31,2018-10-30,COD,244,35,279,144,179,51,4,7,81,51,0,3,0,3,4,4,-14,https://mailchi.mp/sante.gouv.cd/ebola_kivu_31oct
2018-10-30,2018-10-29,COD,241,35,276,140,175,65,1,1,74,65,0,2,0,2,1,1,33,https://mailchi.mp/sante.gouv.cd/ebola_kivu_30oct
2018-10-29,2018-10-28,COD,239,35,274,139,174,32,4,3,73,32,0,7,0,7,4,4,-11,https://mailchi.mp/sante.gouv.cd/ebola_kivu_29oct
2018-10-28,2018-10-27,COD,232,35,267,135,170,43,2,0,70,43,0,1,0,1,2,2,1,https://mailchi.mp/sante.gouv.cd/ebola_kivu_28oct
2018-10-27,2018-10-26,COD,231,35,266,133,168,42,4,3,70,42,0,9,0,9,4,4,-5,https://mailchi.mp/sante.gouv.cd/ebola_kivu_27oct
2018-10-26,2018-10-25,COD,222,35,257,129,164,47,2,0,67,47,0,6,0,6,2,2,1,https://mailchi.mp/sante.gouv.cd/ebola_kivu_26oct
2018-10-25,2018-10-24,COD,216,35,251,127,162,46,3,2,67,46,0,4,0,4,3,3,-2,https://mailchi.mp/sante.gouv.cd/ebola_kivu_25oct
2018-10-24,2018-10-23,COD,212,35,247,124,159,48,2,2,65,48,0,3,0,3,2,2,11,https://mailchi.mp/sante.gouv.cd/ebola_kivu_24oct
2018-10-23,2018-10-22,COD,209,35,244,122,157,37,2,0,63,37,0,6,0,6,2,2,23,https://mailchi.mp/sante.gouv.cd/ebola_kivu_23oct
2018-10-22,2018-10-21,COD,203,35,238,120,155,14,2,0,63,14,0,1,0,1,2,2,-19,https://mailchi.mp/sante.gouv.cd/ebola_kivu_22oct
2018-10-21,2018-10-20,COD,202,35,237,118,153,33,1,2,63,33,0,2,0,2,1,1,-7,https://mailchi.mp/sante.gouv.cd/ebola_kivu_21oct-erratum
2018-10-20,2018-10-19,COD,200,35,235,117,152,40,5,3,61,40,0,8,0,8,5,5,0,https://mailchi.mp/sante.gouv.cd/ebola_kivu_20oct
2018-10-19,2018-10-18,COD,192,35,227,112,147,40,3,1,58,40,0,4,0,4,3,3,-6,https://mailchi.mp/sante.gouv.cd/ebola_kivu_19oct
2018-10-18,2018-10-17,COD,188,35,223,109,144,46,2,0,57,46,0,3,0,3,2,2,12,https://mailchi.mp/sante.gouv.cd/ebola_kivu_18oct
2018-10-17,2018-10-16,COD,185,35,220,107,142,34,3,0,57,34,0,4,0,4,3,3,2,https://mailchi.mp/sante.gouv.cd/ebola_kivu_17oct
2018-10-16,2018-10-15,COD,181,35,216,104,139,32,0,2,57,32,0,2,0,2,0,0,7,https://mailchi.mp/sante.gouv.cd/ebola_kivu_16oct
2018-10-15,2018-10-14,COD,179,35,214,104,139,25,4,0,55,25,0,3,0,3,4,4,1,https://mailchi.mp/sante.gouv.cd/ebola_kivu_15oct
2018-10-14,2018-10-13,COD,176,35,211,100,135,24,5,1,55,24,0,4,0,4,5,5,24,https://mailchi.mp/sante.gouv.cd/ebola_kivu_14oct
2018-10-13,2018-10-12,COD,172,35,207,95,130,0,0,0,54,0,0,2,0,2,0,0,-32,https://mailchi.mp/sante.gouv.cd/ebola_kivu_13oct
2018-10-12,2018-10-11,COD,170,35,205,95,130,32,5,1,54,32,0,5,0,5,5,5,6,https://mailchi.mp/sante.gouv.cd/ebola_kivu_12oct
2018-10-11,2018-10-10,COD,165,35,200,90,125,26,3,0,53,26,0,6,0,6,3,3,1,https://mailchi.mp/sante.gouv.cd/ebola_kivu_11oct_erratum
2018-10-10,2018-10-09,COD,159,35,194,87,122,25,4,2,53,25,0,6,0,6,4,4,5,https://mailchi.mp/sante.gouv.cd/ebola_kivu_10oct
2018-10-09,2018-10-08,COD,153,35,188,83,118,20,3,1,51,20,0,7,0,7,3,3,-1,https://mailchi.mp/sante.gouv.cd/ebola_kivu_9oct-erratum
2018-10-08,2018-10-07,COD,146,35,181,80,115,21,2,0,50,21,0,4,0,4,2,2,10,https://mailchi.mp/sante.gouv.cd/ebola_kivu_8oct
2018-10-07,2018-10-06,COD,142,35,177,78,113,11,5,1,50,11,0,2,3,5,2,5,1,https://mailchi.mp/sante.gouv.cd/ebola_kivu_7oct
2018-10-06,2018-10-05,COD,140,32,172,76,108,10,2,1,49,10,0,5,0,5,2,2,-3,https://mailchi.mp/sante.gouv.cd/ebola_kivu_6oct
2018-10-05,2018-10-04,COD,135,32,167,74,106,13,0,1,48,13,0,2,0,2,0,0,-11,https://mailchi.mp/sante.gouv.cd/ebola_kivu_5oct
2018-10-04,2018-10-03,COD,133,32,165,74,106,24,0,1,47,24,0,3,0,3,0,0,7,https://us13.campaign-archive.com/?u=89e5755d2cca4840b1af93176&id=9363c70c25
2018-10-03,2018-10-02,COD,130,32,162,74,106,17,0,1,46,17,0,1,0,1,0,0,-1,https://mailchi.mp/sante.gouv.cd/ebola_kivu_3oct
2018-10-02,2018-10-01,COD,129,32,161,74,106,18,1,0,45,18,0,0,0,0,1,1,9,https://mailchi.mp/sante.gouv.cd/ebola_kivu_2oct
2018-10-01,2018-09-30,COD,129,32,161,73,105,9,1,0,45,9,0,2,0,2,1,1,-4,https://mailchi.mp/sante.gouv.cd/ebola_kivu_1oct
2018-09-30,2018-09-29,COD,127,32,159,72,104,13,2,0,45,13,0,1,1,2,1,2,-10,https://mailchi.mp/sante.gouv.cd/ebola_kivu_30sept
2018-09-29,2018-09-28,COD,126,31,157,71,102,23,0,0,45,23,0,2,0,2,0,0,8,https://mailchi.mp/sante.gouv.cd/ebola_kivu_29sept
2018-09-28,2018-09-27,COD,124,31,155,71,102,15,1,2,45,15,0,1,0,1,1,1,4,https://mailchi.mp/sante.gouv.cd/ebola_kivu_28sept
2018-09-27,2018-09-26,COD,123,31,154,70,101,11,0,2,43,11,0,3,0,3,0,0,-6,https://mailchi.mp/sante.gouv.cd/ebola_kivu_27sept
2018-09-26,2018-09-25,COD,120,31,151,70,101,17,0,0,41,17,0,0,0,0,0,0,6,https://mailchi.mp/fe4b2f287c8d/ebola_kivu_26sept
2018-09-25,2018-09-24,COD,120,31,151,70,101,11,1,0,41,11,0,1,0,1,1,1,2,https://mailchi.mp/13493f87482a/ebola_kivu_25sept
2018-09-24,2018-09-23,COD,119,31,150,69,100,9,0,1,41,9,0,1,0,1,0,0,-3,https://mailchi.mp/efc69f724562/ebola_kivu_24sept
2018-09-23,2018-09-22,COD,118,31,149,69,100,12,1,0,40,12,0,2,0,2,1,1,-1,https://mailchi.mp/ca153def9618/ebola_kivu_23sept
2018-09-22,2018-09-21,COD,116,31,147,68,99,13,0,1,40,13,0,0,0,0,0,0,2,https://mailchi.mp/9de66c89895d/ebola_kivu_22sept
2018-09-21,2018-09-20,COD,116,31,147,68,99,11,2,0,39,11,0,4,0,4,2,2,4,https://mailchi.mp/4bc95ae1768f/ebola_kivu_21sept
2018-09-20,2018-09-19,COD,112,31,143,66,97,7,0,1,39,7,0,1,0,1,0,0,-2,https://mailchi.mp/38deffc31ebf/ebola_kivu_20sept
2018-09-19,2018-09-18,COD,111,31,142,66,97,9,0,0,38,9,0,0,0,0,0,0,3,https://mailchi.mp/695bb330c6a4/ebola_kivu_19sept
2018-09-18,2018-09-17,COD,111,31,142,66,97,6,0,0,38,5,1,0,0,0,0,0,-1,https://mailchi.mp/eec05154b8e8/ebola_kivu_18sept
2018-09-17,2018-09-16,COD,111,31,142,66,97,7,0,0,38,7,0,0,0,0,0,0,3,https://mailchi.mp/822fafac8a55/ebola_kivu_17sept
2018-09-16,2018-09-15,COD,111,31,142,66,97,4,2,1,38,4,0,2,0,2,2,2,-1,https://mailchi.mp/b9f8278091fc/ebola_kivu_16sept
2018-09-15,2018-09-14,COD,109,31,140,64,95,5,1,0,37,5,0,0,0,0,1,1,-8,https://mailchi.mp/2e6744c50cf5/ebola_kivu_15sept
2018-09-14,2018-09-13,COD,109,31,140,63,94,13,2,0,37,13,0,3,0,3,2,2,-4,https://mailchi.mp/820051e5d093/ebola_kivu_14sept
2018-09-13,2018-09-12,COD,106,31,137,61,92,17,0,0,37,17,0,4,0,4,0,0,-2,https://mailchi.mp/c58e80fafe6f/ebola_kivu_13sept
2018-09-12,2018-09-11,COD,102,31,133,61,92,19,0,0,37,16,3,1,0,1,0,0,10,https://mailchi.mp/1644c6a622ef/ebola_kivu_12sept
2018-09-11,2018-09-10,COD,101,31,132,61,92,9,1,1,37,7,2,0,0,0,1,1,0,https://mailchi.mp/ff1463ead572/ebola_kivu_11sept
2018-09-10,2018-09-09,COD,101,31,132,60,91,9,1,1,36,3,6,1,0,1,1,1,-11,https://mailchi.mp/196210a9e992/ebola_kivu_10sept
2018-09-09,2018-09-08,COD,100,31,131,59,90,20,0,0,35,12,8,0,0,0,0,0,6,https://mailchi.mp/363955d77983/ebola_kivu_9sept
2018-09-08,2018-09-07,COD,100,31,131,59,90,14,1,2,35,14,0,2,0,2,1,1,5,https://mailchi.mp/b0c4027473ad/ebola_kivu_8sept
2018-09-07,2018-09-06,COD,98,31,129,58,89,9,0,1,33,9,0,0,0,0,0,0,2,https://mailchi.mp/d8019cbd3724/ebola_kivu_7sept
2018-09-06,2018-09-05,COD,98,31,129,58,89,7,2,,,7,0,2,0,2,2,2,3,https://us13.campaign-archive.com/?u=89e5755d2cca4840b1af93176&id=540896bcd7
2018-09-05,2018-09-04,COD,96,31,127,56,87,4,2,,,4,0,3,0,3,2,2,-12,https://mailchi.mp/534570505aa4/ebola_kivu_5sept-erratum
2018-09-04,2018-09-03,COD,93,31,124,54,85,16,4,,,9,7,2,1,3,3,4,2,https://mailchi.mp/b54b63c3f920/ebola_kivu_4sept
2018-09-03,2018-09-02,COD,91,30,121,51,81,14,1,,,6,8,1,0,1,1,1,2,https://mailchi.mp/f0e9bc8d9e2e/ebola_kivu_3sept
2018-09-02,2018-09-01,COD,90,30,120,50,80,12,2,,,8,4,0,0,0,2,2,1,https://mailchi.mp/fe4fb528194b/ebola_kivu_2sept
2018-09-01,2018-08-31,COD,90,30,120,48,78,11,1,,,7,4,2,0,2,1,1,-2,https://mailchi.mp/221fb6ed0a42/ebola_kivu_1sept
2018-08-31,2018-08-30,COD,88,30,118,47,77,13,0,,,5,8,2,0,2,0,0,5,https://mailchi.mp/230a80c1c317/ebola_kivu_31aout
2018-08-30,2018-08-29,COD,86,30,116,47,77,8,0,,,8,0,1,0,1,0,0,-2,https://mailchi.mp/1012b27227bc/ebola_kivu_30aout
2018-08-29,2018-08-28,COD,85,30,115,47,77,10,2,,,10,0,1,2,3,0,2,-8,https://mailchi.mp/aa63872541fd/ebola_kivu_29aout
2018-08-28,2018-08-27,COD,84,28,112,47,75,18,0,,,11,7,1,0,1,0,0,8,https://mailchi.mp/49dc88255f69/ebola_kivu_28aout
2018-08-27,2018-08-26,COD,83,28,111,47,75,10,3,,,6,4,0,0,0,3,3,4,https://mailchi.mp/4b1528882fd6/ebola_kivu_27aout
2018-08-26,2018-08-25,COD,83,28,111,44,72,6,2,,,5,1,4,0,4,2,2,0,https://mailchi.mp/9feedcd3907b/ebola_kivu_26aout
2018-08-25,2018-08-24,COD,79,28,107,42,70,6,3,,,5,1,2,0,2,3,3,-4,https://mailchi.mp/c9c7043a5a23/ebola_kivu_25aout
2018-08-24,2018-08-23,COD,77,28,105,39,67,10,4,,,10,0,1,1,2,3,4,-3,https://mailchi.mp/970b172dfebc/ebola_kivu_24aout
2018-08-23,2018-08-22,COD,76,27,103,36,63,13,2,,,6,7,0,0,0,2,2,6,https://mailchi.mp/ad8db275a17f/ebola_kivu_23aout
2018-08-22,2018-08-21,COD,76,27,103,34,61,7,2,,,7,0,1,0,1,2,2,-2,https://mailchi.mp/9abcbef79b2c/ebola_kivu_22aout
2018-08-21,2018-08-20,COD,75,27,102,32,59,9,4,,,9,0,6,0,6,4,4,4,https://mailchi.mp/58d0398606a4/ebola_kivu_21aout
2018-08-20,2018-08-19,COD,69,27,96,28,55,5,5,,,5,0,5,0,5,5,5,-7,https://mailchi.mp/bad94a83ea28/ebola_kivu_20aout
2018-08-19,2018-08-18,COD,64,27,91,23,50,12,1,,,8,4,1,0,1,1,1,-13,https://mailchi.mp/231176da338d/ebola_kivu_19aout
2018-08-18,2018-08-17,COD,63,27,90,22,49,25,2,,,9,16,3,0,3,2,2,4,https://mailchi.mp/758eb254afd1/ebola_kivu_18aout
2018-08-17,2018-08-16,COD,60,27,87,20,47,21,4,,,8,13,9,0,9,3,3,-3,https://mailchi.mp/74a121fdd538/ebola_kivu_17aout
2018-08-16,2018-08-15,COD,51,27,78,17,44,24,2,,,9,15,5,0,5,1,1,-16,https://mailchi.mp/2d5b7a2d510a/ebola_kivu_16aout
2018-08-15,2018-08-14,COD,46,27,73,16,43,40,1,,,14,26,7,0,7,1,1,4,https://mailchi.mp/96767bcd0575/ebola_kivu_15aout
2018-08-14,2018-08-13,COD,39,27,66,15,42,36,1,,,8,28,9,0,9,1,1,-22,https://mailchi.mp/37b7545e3544/ebola_kivu_14aout
2018-08-13,2018-08-12,COD,30,27,57,14,41,58,2,,,12,46,5,0,5,2,2,10,https://mailchi.mp/de936e52fb17/ebola_kivu_13aout
2018-08-12,2018-08-11,COD,25,27,52,12,39,48,1,,,11,37,3,0,3,1,1,-5,https://mailchi.mp/5740eb659e90/ebola_kivu_12aout
2018-08-11,2018-08-10,COD,22,27,49,11,38,53,0,,,8,45,1,0,1,0,0,2,https://mailchi.mp/17136ac871cd/ebola_kivu_11aout
2018-08-10,2018-08-09,COD,21,27,48,11,38,51,2,,,8,43,4,0,4,1,1,-3,https://mailchi.mp/68ac0a236b26/ebola_kivu_10aout
2018-08-09,2018-08-08,COD,17,27,44,10,37,54,1,,,12,42,0,0,0,1,1,7,https://mailchi.mp/4cc2513a9f7d/ebola_kivu_9aout
2018-08-08,2018-08-07,COD,17,27,44,9,36,47,0,,,10,37,1,0,1,0,0,1,https://mailchi.mp/80a23d454958/ebola_kivu_8aout
2018-08-07,2018-08-06,COD,16,27,43,9,36,46,2,,,17,29,0,0,0,2,2,15,https://mailchi.mp/526091c2d161/ebola_kivu_7aout
2018-08-06,2018-08-05,COD,16,27,43,7,34,31,4,,,21,10,,,,,,,https://mailchi.mp/70213f4262fb/ebola_kivu_6aout
2018-08-04,2018-08-03,COD,13,30,43,3,33,33,,,,,,,,,,,,https://mailchi.mp/8bfa0c09fe7b/ebola_kivu_4aout